14,4584517478943;3,57501899003983;0
14,4706878662109;3,71948801279068;0
14,4708256721497;5,21003276109695;0
14,4772953987122;6,09021958112717;0
14,4789094924927;7,33429836034775;0
14,4789094924927;8,05569002628326;0
14,4789094924927;9,02806988954544;0
14,4789094924927;9,41248180866241;0
14,478991985321;9,97752900123596;0
14,4790000915527;10,9089692950249;0
14,4794263839722;11,8204092979431;0
14,4794263839722;12,2176015853882;0
14,4794263839722;12,8258758306503;0
14,4794301986694;12,2858639717102;0
14,4794301986694;12,6100926280022;0
14,4794301986694;12,9929919481277;0
14,4794301986694;12,8457618236542;0
14,4794301986694;13,9269456028938;0
14,4794363975525;13,661065518856;0
14,4794363975525;13,5955446362495;0
14,4794363975525;13,6500063538551;0
14,4794363975525;13,8433787226677;0
14,4794363975525;14,1744505047798;0
14,4794363975525;13,1756228685379;0
14,4794363975525;13,1635016560555;0
14,4794363975525;14,1217965960503;0
14,4794363975525;13,9501088738441;0
14,4794368743896;13,0169309735298;0
14,4794368743896;14,1079445838928;0
14,4794368743896;13,8923986434937;0
14,4794368743896;14,1633705377579;0
14,4794368743896;14,3581261634827;0
14,479437828064;14,0341985821724;0
14,479437828064;13,8214692473412;0
14,479437828064;14,4676756858826;0
14,479437828064;12,5225353240967;0
14,479437828064;13,1516359806061;0
14,479437828064;13,2287420511246;0
14,4794397354126;13,1843722224236;0
14,4794397354126;13,8304432153702;0
14,4794397354126;13,3709766626358;0
14,4794397354126;13,5279079556465;0
14,4794397354126;13,9750938892365;0
14,4794402122498;14,1471735239029;0
14,4794402122498;12,8985874891281;0
14,4794402122498;14,0361154556274;0
14,4794402122498;13,4411450624466;0
14,4794402122498;13,0911853671074;0
14,4794416427612;13,7849263310432;0
14,4794416427612;13,3355193376541;0
14,4794416427612;13,5934302091599;0
14,4794416427612;13,5972655773163;0
14,4794416427612;13,3282920241356;0
14,4794416427612;13,8524259805679;0
14,4794416427612;13,7056966423988;0
14,4794416427612;13,3552894830704;0
14,4794416427612;13,7478877663612;0
14,4794416427612;14,468741774559;0
14,4794416427612;13,7593834161758;0
14,4794416427612;13,9837889194489;0
14,4794416427612;14,1410417079926;0
14,4794416427612;13,453537106514;0
14,4794416427612;13,815558552742;0
14,4794416427612;13,7682001113892;0
14,4794416427612;13,1808049798012;0
14,4794416427612;13,4989798784256;0
14,4794416427612;13,7352383494377;0
14,4794416427612;13,3493515372276;0
14,4794416427612;13,2250842571259;0
14,4794416427612;13,7652858495712;0
14,4794416427612;13,956655395031;0
14,4794416427612;14,3238540530205;0
14,4794416427612;12,8047268629074;0
14,4794416427612;13,9154272675514;0
14,4794416427612;13,6234060287476;0
14,4794416427612;14,4597138285637;0
14,4794416427612;13,6789727807045;0
14,4794416427612;13,6375938892365;0
14,4794416427612;13,090226328373;0
14,4794416427612;14,1774523258209;0
14,4794416427612;13,3162732005119;0
14,4794416427612;12,4097905039787;0
14,4794416427612;14,3240821480751;0
14,4794416427612;14,0054862737656;0
14,4794416427612;13,0843589425087;0
14,4794416427612;13,1071030378342;0
14,4794416427612;13,3799038052559;0
14,4794416427612;13,822941660881;0
14,4794416427612;14,1262999176979;0
14,4794416427612;13,7303839802742;0
14,4794416427612;13,7474212884903;0
14,4794416427612;13,7839770436287;0
14,4794416427612;13,2136597037315;0
14,4794416427612;13,2042708277702;0
14,4794416427612;13,4118425607681;0
14,4794416427612;13,1647652745247;0
14,4794416427612;13,6974854707718;0
14,4794416427612;14,1011382222176;0
14,4794416427612;13,366200709343;0
14,4794416427612;13,3696593761444;0
14,4794416427612;13,26260420084;0
14,4794416427612;13,8114261388779;0
14,4794416427612;13,4976038455963;0
14,4794416427612;13,0125441908836;0
14,4794416427612;13,4978828668594;0
14,4794416427612;13,5423531293869;0
14,4794416427612;14,0980465531349;0
14,4794416427612;14,4673315882683;0
14,4794416427612;13,508375954628;0
14,4794416427612;14,0324651360512;0
14,4794416427612;14,3251768708229;0
14,4794416427612;14,1250990986824;0
14,4794416427612;13,5045932650566;0
14,4794416427612;13,8020793437958;0
14,4794416427612;14,1620134949684;0
14,4794416427612;13,9983858942986;0
14,4794416427612;14,452998650074;0
14,4794416427612;13,3238889694214;0
14,4794416427612;13,8548689723015;0
14,4794416427612;14,2885485887527;0
14,4794416427612;13,7065566897392;0
14,4794416427612;13,2564351677895;0
14,4794416427612;13,3433620333672;0
14,4794416427612;13,5696610927582;0
14,4794416427612;13,2434601902962;0
14,4794416427612;13,5743691325188;0
14,4800605773926;13,7353397250175;0
14,4800605773926;13,2452542304993;0
14,4800605773926;13,5702286124229;0
14,4800605773926;13,3681803822517;0
14,4800605773926;13,6598753452301;0
14,4801368713379;13,5671023368835;0
14,4807944297791;14,0327167510986;0
14,4807944297791;13,4120167613029;0
14,4807944297791;13,5981003284454;0
14,4815053939819;14,4637244224548;0
14,4815053939819;13,3067456007004;0
14,4815053939819;13,3368494153023;0
14,4823884963989;13,5482637643814;0
14,4832725524902;13,3227236866951;0
14,4832725524902;13,6558860063553;0
14,4832725524902;14,4596179246902;0
14,4832725524902;13,5666625261307;0
14,4832725524902;14,0025935769081;0
14,4832725524902;13,9535861849785;0
14,4832725524902;13,2374931335449;0
14,4832725524902;13,4228474020958;0
14,4832725524902;13,9660979032516;0
14,4832725524902;12,9612856864929;0
14,4848928451538;14,4725624918938;0
14,4848928451538;13,5279075264931;0
14,4848942756653;13,0883956074715;0
14,48548412323;13,7227546811104;0
14,48548412323;13,6878784894943;0
14,4870476722717;13,5000519752502;0
14,4870476722717;14,0564687728882;0
14,4870562553406;12,8287017226219;0
14,4870562553406;12,6489730834961;0
14,4870562553406;13,1602223038673;0
14,4870562553406;13,0355776429176;0
14,4870562553406;12,8574834704399;0
14,4870719909668;13,6765302062035;0
14,4870719909668;13,8016177773476;0
14,4870719909668;13,5061685323715;0
14,48970079422;13,4170941352844;0
14,48970079422;12,9758288145065;0
14,48970079422;14,1324064135551;0
14,48970079422;12,7382293462753;0
14,48970079422;12,0700294733047;0
14,4898886680603;11,1622515201569;0
14,4898886680603;13,7630656719208;0
14,4898886680603;13,4266316890717;0
14,4898886680603;13,8452849268913;0
14,4898886680603;12,5556329011917;0
14,4898886680603;13,2777739286423;0
14,4898886680603;13,4305024027824;0
14,4898886680603;12,8015482783318;0
14,4905033111572;12,2528371930122;0
14,4905033111572;13,3487732887268;0
14,4905033111572;12,2245941877365;0
14,4905033111572;14,1818489551544;0
14,4905033111572;13,2158629655838;0
14,4905033111572;13,0362641811371;0
14,4905033111572;12,4369517207146;0
14,4905033111572;13,2318587779999;0
14,4905033111572;13,1690183401108;0
14,4905033111572;13,5020591855049;0
14,4905033111572;13,1872176885605;0
14,4905033111572;13,395069372654;0
14,4905033111572;14,0685571074486;0
14,4905033111572;12,9943820357323;0
14,4905033111572;12,011607503891;0
14,4905033111572;12,4912557482719;0
14,4905033111572;13,8694748401642;0
14,4905033111572;13,1350998163223;0
14,4905405044556;13,1221035718918;0
14,4905829429626;13,4472002983093;0
14,4905829429626;13,856470489502;0
14,4905829429626;12,2323202252388;0
14,4905829429626;13,7550888776779;0
100913,0437
