14,4750900268555;2,91051685810089;13
14,4823961257935;6,80065933465958;13
14,4893822669983;5,5756542801857;13
14,4893822669983;6,45086549520493;13
14,4893822669983;7,97825245857239;13
14,4893822669983;6,75689783096314;13
14,4893822669983;5,52128798961639;13
14,4893822669983;6,63738266229629;13
14,4893822669983;6,33324757814407;13
14,4893822669983;6,32596737146378;13
14,4893822669983;6,0890110373497;13
14,4893822669983;6,48076821565628;13
14,4893822669983;6,3622478723526;13
14,4893822669983;5,59088999032974;13
14,4893822669983;5,9898365020752;13
14,4893822669983;6,24793817996979;13
14,4893822669983;5,33263932466507;13
14,4893822669983;5,78732640743256;13
14,4893822669983;5,55463988780975;13
14,4893822669983;5,96810176372528;13
14,4893822669983;6,83336367607117;13
14,4893822669983;6,39408835172653;13
14,4893822669983;6,68433511257172;13
14,4893822669983;6,78970046043396;13
14,4893822669983;6,74018484354019;13
14,4893822669983;6,52476360797882;13
14,4893822669983;5,47114597558975;13
14,4893822669983;5,49210149049759;13
14,4893822669983;6,89504487514496;13
14,4893822669983;6,69671899080276;13
14,4893822669983;5,59163393974304;13
14,4893822669983;6,61013444662094;13
14,4893822669983;6,46671750545502;13
14,4893822669983;5,88022567033768;13
14,4893822669983;6,94037672281265;13
14,4893822669983;5,88904354572296;13
14,4893822669983;6,42162401676178;13
14,4893822669983;6,22465443611145;13
14,4893822669983;5,94570426940918;13
14,4893822669983;5,88352035284042;13
14,4893822669983;5,98125343322754;13
14,4893822669983;6,22544717788696;13
14,4893822669983;6,95994733572006;13
14,4893822669983;6,96058257818222;13
14,4893822669983;5,48462615013123;13
14,4893822669983;6,05884364843368;13
14,4893822669983;4,55938839912415;13
14,4893822669983;6,7710035443306;13
14,4893822669983;6,86893556118011;13
14,4893822669983;4,84331282377243;13
14,4893822669983;6,53212646245956;13
14,4893822669983;5,50781584978104;13
14,4893822669983;6,43671425580978;13
14,4893918037415;7,64827374219894;13
14,4893918037415;6,19923944473267;13
14,4894552230835;6,20483251810074;13
14,4894552230835;6,15932908058167;13
14,4894552230835;5,30602890253067;13
14,4894552230835;7,15195343494415;13
14,4894552230835;6,36053566932678;13
14,4894552230835;6,09109373092651;13
14,4894552230835;6,53453623056412;13
14,4894552230835;5,65165123939514;13
14,4894552230835;6,69418466091156;13
14,4894552230835;6,44550477266312;13
14,4894552230835;6,54023342132568;13
14,4894552230835;5,64318697452545;13
14,4894552230835;4,68530868291855;13
14,4894552230835;7,29129971265793;13
14,4894552230835;7,13536505699158;13
14,4894552230835;5,46181712150574;13
14,4894552230835;6,65617558956146;13
14,4894552230835;7,71596958637238;13
14,4894552230835;5,70043325424194;13
14,4894552230835;6,07439612150192;13
14,4894552230835;5,01995886564255;13
14,4894552230835;4,85559295415878;13
14,4894552230835;4,99615807533264;13
14,4894552230835;6,01118265390396;13
14,4894552230835;5,6054040312767;13
14,4894552230835;5,8358078956604;13
14,4894552230835;6,24142149686813;13
14,4894552230835;5,05639085769653;13
14,4894552230835;5,94587976932526;13
14,4894552230835;5,66832582950592;13
14,4894552230835;6,38964078426361;13
14,4894552230835;4,99518194198608;13
14,4894552230835;7,30881196260452;13
14,4894552230835;7,69536219835281;13
14,4894552230835;6,14841111898422;13
14,4894552230835;5,12855900526047;13
14,4894552230835;6,22888518571854;13
14,4894552230835;7,10070626735687;13
14,4894552230835;6,95735011100769;13
14,4894552230835;6,37118602991104;13
14,4894552230835;5,07691868543625;13
14,4894552230835;7,17653893232346;13
14,4894552230835;5,11680289506912;13
14,4894552230835;5,80575337409973;13
14,4894552230835;6,66297755241394;13
14,4894552230835;5,94956914186478;13
14,4894552230835;5,95823962688446;13
14,4894552230835;7,65482811927795;13
14,4894552230835;6,6436173081398;13
14,4894552230835;5,46500195264816;13
14,4894552230835;6,53853716850281;13
14,4894552230835;6,7603792309761;13
14,4894552230835;5,82826962471008;13
14,4894552230835;5,51682877540588;13
14,4894552230835;7,24307804107666;13
14,4894552230835;5,72462071180344;13
14,4894552230835;5,41932388544083;13
14,4894552230835;5,32607449293137;13
14,4894552230835;5,95797361135483;13
14,4894552230835;5,36110274791718;13
14,4894552230835;5,78380180597305;13
14,4894552230835;5,84724179506302;13
14,4894552230835;5,81965457201004;13
14,4894552230835;5,81562407016754;13
14,4894552230835;5,44794455766678;13
14,4894552230835;5,5533166050911;13
14,4894552230835;6,21465904712677;13
14,4894552230835;6,17500774860382;13
14,4894552230835;6,25408135652542;13
14,4894552230835;5,56345740556717;13
14,4894552230835;6,65675762891769;13
14,4894552230835;5,3177387714386;13
14,4894552230835;6,42586530447006;13
14,4894552230835;5,51528463363647;13
14,4894552230835;6,71064730882645;13
14,4894552230835;7,13935660123825;13
14,4894757270813;5,94417588710785;13
14,4894757270813;6,51095324754715;13
14,4894757270813;7,83299932479858;13
14,4894757270813;6,07836467027664;13
14,4894757270813;5,41132489442825;13
14,4894757270813;5,60649505853653;13
14,4894757270813;6,12335828542709;13
14,4894757270813;6,37084608078003;13
14,4894757270813;6,04584097862244;13
14,4894757270813;6,2804341673851;13
14,4894757270813;6,35659288167953;13
14,4894757270813;6,05622010231018;13
14,4894757270813;7,34507913589478;13
14,4894757270813;5,84811351299286;13
14,4894757270813;4,87264544963837;13
14,4894757270813;6,85172822475433;13
14,4894757270813;6,51030277013779;13
14,4894757270813;5,45875308513641;13
14,4894757270813;7,56494796276093;13
14,4894757270813;6,7741540312767;13
14,4894757270813;5,90152597427368;13
14,4894757270813;6,51599912643433;13
14,4894757270813;4,46841875314712;13
14,4894757270813;6,36250125169754;13
14,4894757270813;6,1943000793457;13
14,4894804954529;6,43488603830338;13
14,4894871711731;6,06570134162903;13
14,4894871711731;5,94852936267853;13
14,4894871711731;7,59156593084335;13
14,4894871711731;6,22994035482407;13
14,4894871711731;6,08567247390747;13
14,4894871711731;6,21659331321716;13
14,4894871711731;6,2786713719368;13
14,4894871711731;5,67388969659805;13
14,4894871711731;6,82975409030914;13
14,4894871711731;6,32496801614761;13
14,4894871711731;6,7044585943222;13
14,4894871711731;5,89027918577194;13
14,4894871711731;6,3164254784584;13
14,4894871711731;6,09083343744278;13
14,4894871711731;6,79427973031998;13
14,4894871711731;5,78854632377625;13
14,4894871711731;7,07336225509644;13
14,4894871711731;6,64560004472733;13
14,4894871711731;6,56908371448517;13
14,4894871711731;5,25403890609741;13
14,4894871711731;6,33004465103149;13
14,4894871711731;6,777117395401;13
14,4894890785217;6,39661238193512;13
14,4894890785217;5,26520043611526;13
14,489490032196;6,33983385562897;13
14,489490032196;6,67090265750885;13
14,489490032196;6,17925353050232;13
14,489490032196;5,680892765522;13
14,489490032196;7,51794186830521;13
14,489490032196;6,30175836086273;13
14,489490032196;6,95365972518921;13
14,489490032196;5,13879263401031;13
14,489490032196;4,8641344666481;13
14,489490032196;5,6563062787056;13
14,489490032196;6,77859991788864;13
14,489490032196;6,50153242349625;13
14,489490032196;5,93088971376419;13
14,489490032196;5,35916143655777;13
14,489490032196;5,27473343610764;13
14,489490032196;7,2897912979126;13
14,489490032196;5,39073139429092;13
14,489490032196;6,80756148099899;13
14,489490032196;5,75689828395844;13
86384,6522
