14,4575643539429;3,6835830450058;0
14,4655041694641;7,30572898387909;0
14,479353427887;12,1833843827248;0
14,4794034957886;11,8584587931633;0
14,4794034957886;12,3730214595795;0
14,4794034957886;13,2675904035568;0
14,4794034957886;13,2386115789413;0
14,4794034957886;14,0013959169388;0
14,4794034957886;13,4857998371124;0
14,4794034957886;13,4019301056862;0
14,4794034957886;12,5551135778427;0
14,4794034957886;12,9580168366432;0
14,4794034957886;13,7454455852509;0
14,4794034957886;12,5312628746033;0
14,4794034957886;12,1260772943497;0
14,4794034957886;12,8517230391502;0
14,4794034957886;12,923720908165;0
14,4794034957886;13,2463038086891;0
14,4794034957886;13,2342516899109;0
14,4794034957886;12,6806176424026;0
14,4794034957886;13,4700483202934;0
14,4794034957886;13,1259554862976;0
14,4794034957886;12,9947406768799;0
14,4794034957886;13,2793454527855;0
14,4794034957886;13,2972648859024;0
14,4794034957886;13,7314119815826;0
14,4794034957886;13,4174446940422;0
14,4794034957886;13,3201902151108;0
14,4794034957886;12,9518320560455;0
14,4794034957886;13,4040368318558;0
14,4794034957886;12,7968460321426;0
14,4794034957886;12,8942356228828;0
14,4794034957886;13,3149854898453;0
14,4794034957886;13,4353049397469;0
14,4794034957886;13,3105011224747;0
14,4794034957886;13,1340428233147;0
14,4794034957886;14,2430248618126;0
14,4794034957886;13,786154127121;0
14,4794034957886;13,1434308290482;0
14,4794254302979;14,0855754375458;0
14,4794254302979;13,9825614929199;0
14,4794254302979;14,0661075949669;0
14,4794254302979;12,8710682272911;0
14,4794254302979;13,3503752112389;0
14,4794254302979;12,5519770503044;0
14,4794254302979;13,9357624411583;0
14,4794254302979;13,7454612255096;0
14,4794254302979;13,0135624170303;0
14,4794254302979;13,4625127077103;0
14,4794254302979;13,5631983280182;0
14,4794254302979;13,778753387928;0
14,4794254302979;13,473794233799;0
14,4794254302979;13,0758610963821;0
14,4794254302979;11,8732787370682;0
14,4794254302979;11,9412366271019;0
14,4794254302979;13,8379561066628;0
14,4794254302979;13,9677529573441;0
14,4794254302979;13,351715362072;0
14,4794254302979;12,7674976587296;0
14,4794254302979;13,2766020417213;0
14,4794254302979;13,3639162778854;0
14,4794254302979;14,1343295574188;0
14,4794254302979;13,6671913266182;0
14,4794254302979;13,5311289429665;0
14,4794254302979;14,0976986169815;0
14,4794254302979;13,6050510287285;0
14,4794254302979;13,1098413348198;0
14,4794254302979;13,6138585209847;0
14,4794254302979;13,9157578468323;0
14,4794254302979;13,9822863698006;0
14,4794254302979;13,5687025547028;0
14,4794254302979;13,9330727338791;0
14,4794254302979;13,6309818744659;0
14,4794254302979;13,3095253944397;0
14,4794254302979;13,2046273827553;0
14,4794254302979;12,2212605953217;0
14,4794254302979;12,4336160540581;0
14,4794254302979;13,3520599961281;0
14,4794254302979;12,7251309990883;0
14,4794254302979;13,3337747097015;0
14,4794254302979;13,0762997865677;0
14,4794254302979;13,4752016425133;0
14,4794254302979;13,161823284626;0
14,4794254302979;12,5542593359947;0
14,4794254302979;12,1079258561134;0
14,4794254302979;12,2330676794052;0
14,4794306755066;11,6932098031044;0
14,4794306755066;11,3625381112099;0
14,4794306755066;11,7717812418938;0
14,4794306755066;14,1924033641815;0
14,4794306755066;13,5965021848679;0
14,4794306755066;14,3178969502449;0
14,4794306755066;13,7302865862846;0
14,4794306755066;13,9082834601402;0
14,4794306755066;13,9120822668076;0
14,4794306755066;13,5831701517105;0
14,4794306755066;13,1282430768013;0
14,4794306755066;13,3544201016426;0
14,4794306755066;13,3819900989532;0
14,4794306755066;11,8128987431526;0
14,4794306755066;11,1438029289246;0
14,4794306755066;12,2467778682709;0
14,4794306755066;13,6286857008934;0
14,4794306755066;13,4029314517975;0
14,4794306755066;14,4663108229637;0
14,4794306755066;13,0277744531631;0
14,4794306755066;12,2994531989098;0
14,4794306755066;13,3675517559052;0
14,4794306755066;12,9997861981392;0
14,4794306755066;13,2977576851845;0
14,4794306755066;13,3323014616966;0
14,4794306755066;14,030447947979;0
14,4794306755066;13,5569705605507;0
14,4794306755066;13,7788728833199;0
14,4794306755066;13,5775119900703;0
14,4794306755066;13,8042081832886;0
14,4794306755066;13,4090525865555;0
14,4794306755066;14,1736713647842;0
14,4809813499451;13,4491981506348;0
14,4809813499451;13,5864426732063;0
14,4809813499451;13,8633814811707;0
14,4810237884521;13,9712452411652;0
14,4826421737671;14,3197197794914;0
14,4826421737671;13,9680810332298;0
14,4826421737671;14,01437022686;0
14,4826421737671;14,465823507309;0
14,4826421737671;13,9693063735962;0
14,4826421737671;14,0097334623337;0
14,4826421737671;13,9129663825035;0
14,4826421737671;13,6250563502312;0
14,4826421737671;14,2695121645927;0
14,4826421737671;14,1143626332283;0
14,4826421737671;14,1367606520653;0
14,4826421737671;14,4649765729904;0
14,4826421737671;14,1547462105751;0
14,4826421737671;14,1614343643188;0
14,4826421737671;14,4659701824188;0
14,4826421737671;14,4650515913963;0
14,4826421737671;14,3235746145248;0
14,4826421737671;14,0067410826683;0
14,4826421737671;14,1529675126076;0
14,4826421737671;14,1203346729279;0
14,4826421737671;14,4688378214836;0
14,4826421737671;13,4537150263786;0
14,4826421737671;14,4676747202873;0
14,4826421737671;14,4656121253967;0
14,4826421737671;14,467643892765;0
14,4826421737671;13,8638425946236;0
14,4826421737671;14,1720261693001;0
14,4826421737671;13,5444266915321;0
14,4826421737671;14,1730352520943;0
14,4826421737671;14,1757537007332;0
14,4826421737671;14,4675945997238;0
14,4826421737671;14,4676205992699;0
14,4826421737671;13,7739587187767;0
15,8652319908142;14,5028836846352;0
16,7863869667053;13,9611738562584;0
16,7863869667053;12,9304912626743;0
16,7863926887512;12,6408778905869;0
16,7863926887512;12,041437625885;0
16,7863926887512;11,8318827986717;0
16,7863926887512;12,744257748127;0
16,7863926887512;12,539681404829;0
16,7973122596741;13,4394931733608;0
17,6700909137726;13,2615121483803;0
17,6700909137726;12,8285556912422;0
17,6700909137726;13,1650581717491;0
17,6856725215912;12,4710476338863;0
19,2859404683113;13,1817213669419;0
19,2879152297974;11,5401911854744;0
19,2879152297974;12,2666076958179;0
19,2879152297974;14,0837439894676;0
19,2879152297974;13,2602500215173;0
19,2879152297974;13,4174090012908;0
19,2879152297974;15,8493398115039;0
19,2879152297974;15,6835027188063;0
19,2884191870689;15,6431937649846;0
19,2884191870689;15,5026818290353;0
19,2884191870689;15,8618014231324;0
19,2884191870689;16,9665101408958;0
19,2890679836273;17,2442820981145;0
19,2890679836273;18,4153665855527;0
19,2890766263008;15,9674419686198;0
19,2893937826157;16,9358269557357;0
19,2893937826157;17,6678699493408;0
19,2894172668457;15,4721387937665;0
19,2895289063454;16,6795500949025;0
19,2896355390549;16,8069413751364;0
19,2896612882614;14,9944940015674;0
19,2896612882614;14,4006905242801;0
19,2896612882614;15,6475813031197;0
19,2896624207497;15,1968143418431;0
19,2896624207497;16,655965551734;0
19,2896702885628;17,0854894965887;0
19,2896702885628;16,468110242486;0
19,2896702885628;17,5921042472124;0
19,2896702885628;17,3563663899899;0
19,2896702885628;17,2499694824219;0
19,2896706461906;16,1769308418036;0
19,2896706461906;16,5944675818086;0
86119,9314
