5,95033073425293;2,10116393566132;0
14,4704494476318;5,18019487857819;0
14,4708943367004;6,78895099163055;0
14,4723081588745;11,7887407302856;0
14,4728775024414;13,4965648293495;0
14,4744291305542;13,3464195013046;0
14,4791564941406;13,0276028990746;0
14,4792423248291;13,7501787662506;0
14,4792556762695;12,6782558917999;0
14,4794282913208;13,6139980316162;0
14,4794340133667;13,9933597445488;0
14,4794340133667;13,8378129243851;0
14,4794340133667;13,3954559445381;0
14,4794368743896;14,1174109578133;0
14,4794368743896;13,2919821500778;0
14,4794368743896;13,6208886027336;0
14,4794368743896;13,6672008514404;0
14,4794402122498;14,0316366672516;0
14,4794402122498;14,0875820279121;0
14,4794406890869;14,0207938432693;0
14,4794416427612;13,6397501111031;0
14,4794416427612;13,2595353960991;0
14,4794416427612;14,3073329806328;0
14,4794416427612;14,1424862861633;0
14,4794416427612;14,1957596898079;0
14,4794416427612;13,3818246603012;0
14,4794416427612;14,0645149707794;0
14,4794416427612;14,3245744824409;0
14,4794416427612;13,628021812439;0
14,4794416427612;14,3263335704803;0
14,4794416427612;13,7884467720985;0
14,4794416427612;13,6574148893356;0
14,4794416427612;13,8315363764763;0
14,4794416427612;14,0294855237007;0
14,4794416427612;14,092431807518;0
14,4794416427612;14,290357708931;0
14,4794416427612;13,314948284626;0
14,4794416427612;13,9928957939148;0
14,4794416427612;13,4848571538925;0
14,4794416427612;14,4695450663567;0
14,4794416427612;13,9754319310188;0
14,4794416427612;13,6125115633011;0
14,4794416427612;13,9326132535934;0
14,4794416427612;13,8390088796616;0
14,4794416427612;14,1515215873718;0
14,4794416427612;13,9680615901947;0
14,4794416427612;13,9673454642296;0
14,4794416427612;13,1656027913094;0
14,4794416427612;13,7687361121178;0
14,4794416427612;13,9253195047379;0
14,4794416427612;13,7690108776093;0
14,4794416427612;13,3223165631294;0
14,4794416427612;14,0248745560646;0
14,4794416427612;14,4311035752296;0
14,4794416427612;13,3633650898933;0
14,4794416427612;14,2220209240913;0
14,4794416427612;13,8378969192505;0
14,4794416427612;13,8024095058441;0
14,4794416427612;14,1822791934013;0
14,4794416427612;13,1874195098877;0
14,4794416427612;13,7704301357269;0
14,4794416427612;13,2293514490128;0
14,4794416427612;13,4353730201721;0
14,4794416427612;13,9758085608482;0
14,4794416427612;14,2425633192062;0
14,4794416427612;13,8713546156883;0
14,4794416427612;14,1107981681824;0
14,4794416427612;13,4963826775551;0
14,4794416427612;14,0327579259872;0
14,4794416427612;13,8606319785118;0
14,4794416427612;14,4690987110138;0
14,4794416427612;13,9672529816628;0
14,4794416427612;12,4364348769188;0
14,4794416427612;13,621693277359;0
14,4794416427612;13,5139255285263;0
14,4794416427612;13,6837769150734;0
14,4794416427612;13,9965097427368;0
14,4794416427612;14,1528958797455;0
14,4794416427612;13,4743298172951;0
14,4794416427612;13,0025946617126;0
14,4794416427612;13,8412535429001;0
14,4794416427612;13,6217299461365;0
14,4794416427612;13,9629286050797;0
14,4794416427612;13,504668200016;0
14,4794416427612;13,7422460079193;0
14,4794416427612;13,5177030920982;0
14,4794416427612;13,9334604024887;0
14,4794416427612;14,0561908721924;0
14,4794416427612;13,9687056660652;0
14,4794416427612;13,9264279961586;0
14,4794416427612;13,8468006372452;0
14,4794416427612;13,3063418030739;0
14,4794416427612;13,7370184659958;0
14,4794416427612;13,6581758737564;0
14,4794416427612;13,5307030916214;0
14,4794416427612;14,0187035679817;0
14,4794416427612;13,8988795399666;0
14,4794416427612;14,1791929483414;0
14,4794416427612;13,5786266326904;0
14,4794416427612;14,0542058825493;0
14,4794416427612;13,8249732375145;0
14,4794416427612;14,0308757781982;0
14,4794416427612;13,3344483733177;0
14,4794416427612;13,6835286974907;0
14,4794416427612;14,0100776433945;0
14,4794416427612;13,6571693062782;0
14,4794416427612;12,4563386201859;0
14,4794416427612;13,1817653179169;0
14,4794416427612;12,960132920742;0
14,4794416427612;13,8573480129242;0
14,4794416427612;14,1194440960884;0
14,4794416427612;14,4720083355904;0
14,4794416427612;14,2598601460457;0
14,4794416427612;13,4170903086662;0
14,4794416427612;14,2564423322678;0
14,4794416427612;12,5870113492012;0
14,4794416427612;13,3746784329414;0
14,4794416427612;13,750955414772;0
14,4794416427612;14,0303148269653;0
14,4794416427612;13,8044510483742;0
14,4794416427612;14,3182525634766;0
14,4794416427612;14,329415678978;0
14,4794416427612;13,5466342926025;0
14,4794416427612;13,3371246576309;0
14,4794416427612;13,7496376156807;0
14,4794416427612;13,2077999591827;0
14,4794416427612;13,8774643540382;0
14,4794416427612;13,4416276216507;0
14,4794416427612;13,6141678929329;0
14,4794416427612;13,8203538179398;0
14,4794416427612;13,1523009181023;0
14,4794416427612;14,2578761339188;0
14,4794416427612;13,908359181881;0
14,4794416427612;14,0897360682487;0
14,4794416427612;14,3757534623146;0
14,4794416427612;13,8092748522758;0
14,4794416427612;14,4689704060555;0
14,4794416427612;13,7103378891945;0
14,4794416427612;13,9875153064728;0
14,4794416427612;14,0949802160263;0
14,4794416427612;14,0905402064323;0
14,4794416427612;14,2478690028191;0
14,4794416427612;13,8401404380798;0
14,4794416427612;13,639673602581;0
14,4794416427612;13,7599025726318;0
14,4794416427612;14,082896232605;0
14,4794416427612;13,9914971113205;0
14,4794416427612;14,0184061646461;0
14,4794416427612;14,4282903909683;0
14,4794416427612;13,5681877017021;0
14,4794416427612;14,1765941739082;0
14,4794416427612;13,9155096054077;0
14,4794416427612;13,6412356615067;0
14,4794416427612;14,0437023282051;0
14,4794416427612;13,6670151233673;0
14,4794416427612;14,2340784430504;0
14,4794416427612;14,1212906479836;0
14,4794416427612;14,321601331234;0
14,4794416427612;14,0301119208336;0
14,4794416427612;13,8302868366241;0
14,4794416427612;13,709221470356;0
14,4794416427612;13,5470168828964;0
14,4794416427612;13,3023001670837;0
14,4794416427612;11,9219827413559;0
14,4794416427612;13,2232346534729;0
14,4794416427612;13,9090100049973;0
14,4794416427612;14,1481178760529;0
14,4794416427612;14,3219226121902;0
14,4794416427612;14,4435603737831;0
14,4794416427612;13,9668731570244;0
14,4794416427612;13,9803745508194;0
14,4794416427612;13,2051045775414;0
14,4794416427612;13,7474634885788;0
14,4794416427612;13,6294102072716;0
14,4794416427612;14,0402130007744;0
14,4794416427612;13,5238404989243;0
14,4794416427612;13,9245880961418;0
14,4794416427612;14,3242589950562;0
14,4794416427612;14,011148250103;0
14,4794416427612;13,7904943943024;0
14,4794416427612;13,4836499214172;0
14,4794416427612;13,538333773613;0
14,4794416427612;13,3786298632622;0
14,4794416427612;14,2323851943016;0
14,4794416427612;13,6505804419518;0
14,4794416427612;14,3243889451027;0
14,4794416427612;13,4347613811493;0
14,4794416427612;12,8232059836388;0
14,4794416427612;13,161242890358;0
14,4794416427612;14,3523343801498;0
14,4794416427612;13,7761031031609;0
14,4794416427612;14,3250771641731;0
14,4794416427612;13,5976835370064;0
14,4794416427612;13,6410972714424;0
14,4794416427612;13,8064869523048;0
14,4794416427612;13,4358303427696;0
14,4794416427612;13,8992925643921;0
14,4794416427612;14,0844502210617;0
14,4794416427612;13,8410238027573;0
14,4794416427612;13,7995130777359;0
74527,2006
