14,4583706855774;3,85278424024582;0
14,4583706855774;3,49063684940338;0
14,4583706855774;3,66909019947052;0
14,4583706855774;4,09382019042969;0
14,4583706855774;3,99344871044159;0
14,4583706855774;4,4369008898735;0
14,4583706855774;4,40488350391388;0
14,4583706855774;4,01181169748306;0
14,4583706855774;4,69209401607513;0
14,4583706855774;4,63926451206207;0
14,4583706855774;4,51280573606491;0
14,4583706855774;4,203278028965;0
14,4583706855774;4,40781139135361;0
14,4590191841125;4,60302627086639;0
14,4590191841125;4,32854920625687;0
14,4590306282043;4,20972793102264;0
14,4590306282043;4,71021308898926;0
14,4590306282043;4,76997182369232;0
14,4590306282043;4,58824895620346;0
14,4590306282043;4,60435756444931;0
14,4651398658752;4,57515480518341;0
14,4651398658752;4,99886211156845;0
14,4651398658752;5,14732332229614;0
14,4651398658752;4,92128638029098;0
14,4661803245544;5,02071530818939;0
14,4661803245544;5,24004718065262;0
14,4661803245544;5,43392692804337;0
14,4661803245544;5,16897593736649;0
14,4661803245544;5,41291946172714;0
14,4661803245544;5,37739164829254;0
14,4661803245544;5,14419040679932;0
14,4661803245544;5,10887305736542;0
14,4661803245544;4,960881960392;0
14,4661803245544;5,52237181663513;0
14,4661803245544;5,46330384016037;0
14,4661984443665;5,65218538045883;0
14,4661984443665;5,71025177240372;0
14,4661984443665;5,91469168663025;0
14,4662027359009;6,30620189905167;0
14,4773035049438;6,45565140247345;0
14,4773035049438;6,2536180138588;0
14,4782767295837;6,24765524864197;0
14,4782767295837;6,58886802196503;0
14,478334903717;6,58077335357666;0
14,4783816337585;6,44802247285843;0
14,4783816337585;6,54085048437119;0
14,4783816337585;6,71660933494568;0
14,4783816337585;6,50122449398041;0
14,4783816337585;7,12236127853394;0
14,4783816337585;6,22365809679031;0
14,4783816337585;6,86139672994614;0
14,4783816337585;7,13047740459442;0
14,4791369438171;7,13095673322678;0
14,4791369438171;7,03634558916092;0
14,4791369438171;6,642609167099;0
14,4791369438171;6,92135761976242;0
14,4791421890259;7,02441755533218;0
14,4791421890259;6,77290695905685;0
14,4791421890259;7,11911237239838;0
14,4791421890259;6,97242304086685;0
14,4791421890259;7,60295561552048;0
14,4791421890259;7,35433893203735;0
14,4791421890259;7,44056483507156;0
14,4791421890259;6,8351247549057;0
14,4791421890259;6,98236054182053;0
14,4791421890259;7,20555089712143;0
14,4791421890259;6,80618072748184;0
14,4791421890259;7,31883300542831;0
14,4791421890259;7,7948651432991;0
14,4791421890259;7,43755387067795;0
14,4791421890259;7,92165147066116;0
14,4791421890259;7,45397589206696;0
14,4791421890259;7,33296308517456;0
14,4791421890259;7,40737593173981;0
14,4791421890259;7,61141291856766;0
14,4791421890259;7,51444796323776;0
14,4791421890259;7,43399608135223;0
14,4791421890259;7,66111967563629;0
14,4791421890259;7,0398815870285;0
14,4791421890259;7,9169438123703;0
14,4791421890259;7,63141140937805;0
14,4791421890259;7,37288504838943;0
14,4791421890259;7,82470306158066;0
14,4791421890259;7,91734070777893;0
14,4791421890259;7,60348592996597;0
14,4791421890259;7,51126663684845;0
14,4791421890259;7,99634462594986;0
14,4791421890259;7,92379873991013;0
14,4791421890259;7,73704466819763;0
14,4791421890259;7,11495651006699;0
14,4793844223022;7,57455313205719;0
14,4793844223022;8,30669822692871;0
14,4793844223022;8,02996898889542;0
14,4793863296509;7,5007143497467;0
14,4793863296509;7,84735126495361;0
14,4793863296509;8,3496509552002;0
14,4793863296509;7,9461498260498;0
14,4793863296509;8,31858407258988;0
14,4793863296509;7,8496521115303;0
14,4793863296509;8,04261409044266;0
14,4793863296509;7,50898274183273;0
14,4793863296509;7,6973205447197;0
14,4793863296509;8,41817327737808;0
14,4793863296509;8,54135655164719;0
14,4793863296509;8,054261302948;0
14,4793863296509;8,35977826118469;0
14,4793863296509;8,20723752975464;0
14,4793863296509;7,34586824178696;0
14,4793863296509;7,61075693368912;0
14,4793863296509;7,90696396827698;0
14,4793863296509;7,73471524715424;0
14,4793863296509;7,67829146385193;0
14,4793863296509;8,4684575676918;0
14,4793863296509;7,06179296970367;0
14,4793863296509;8,36851892471313;0
14,4793863296509;8,1116414308548;0
14,4793863296509;7,90380219221115;0
14,4793863296509;8,23596087694168;0
14,4793863296509;7,54602863788605;0
14,4793863296509;8,08232649564743;0
14,4793863296509;8,33518319129944;0
14,4793863296509;8,50636638402939;0
14,4793863296509;8,30104951858521;0
14,4793863296509;7,89853740930557;0
14,4793863296509;8,18190903663635;0
14,4793863296509;8,51892932653427;0
14,4793863296509;8,58898602724075;0
14,4793863296509;8,04326747655869;0
14,4793863296509;8,50026633739471;0
14,4793863296509;7,68571827411652;0
14,4793863296509;8,31742993593216;0
14,4794158935547;8,72576357126236;0
14,4794158935547;8,73912883996963;0
14,4794158935547;8,43678642511368;0
14,479434967041;8,55141680240631;0
14,479434967041;8,58934305906296;0
14,479434967041;8,76638678312302;0
14,479434967041;8,24279234409332;0
14,479434967041;8,62788288593292;0
14,479434967041;8,66656476259232;0
14,479434967041;7,35110301971436;0
14,479434967041;7,9616575717926;0
14,479434967041;8,85729846954346;0
14,479434967041;8,94301455020905;0
14,479434967041;8,33853880167007;0
14,479434967041;9,22119746208191;0
14,479434967041;8,79947735071182;0
15,3182482719421;8,44634511470795;0
15,3182482719421;8,80219205617905;0
15,3182482719421;8,29934325218201;0
15,3182482719421;8,21022907495499;0
15,3182482719421;8,61899511814118;0
15,3182482719421;8,22257227897644;0
15,3182482719421;8,94193471670151;0
15,3182482719421;9,06459809541702;0
15,3182482719421;9,02169157266617;0
15,3182482719421;8,70829508304596;0
15,3182482719421;8,2389742732048;0
15,3182482719421;8,68049200773239;0
15,3182482719421;8,44148700237274;0
15,3182482719421;8,3606809258461;0
15,3182482719421;8,67533717155457;0
15,3182482719421;8,57892402410507;0
15,3182482719421;8,40662009716034;0
15,3182482719421;8,41343085765839;0
15,3182482719421;9,03518480062485;0
15,3182482719421;8,95209466218948;0
15,3182482719421;8,87686417102814;0
15,3182482719421;8,34013241529465;0
15,3182482719421;9,00194418430328;0
15,3182482719421;9,03600990772247;0
15,3182482719421;8,72583980560303;0
15,3182482719421;8,56573277711868;0
15,3182482719421;8,48269685506821;0
15,3182482719421;8,22836238145828;0
15,3182482719421;8,77761431932449;0
15,3182482719421;8,70840420722961;0
15,3182482719421;9,06367175579071;0
15,3182482719421;8,44269587993622;0
15,3182482719421;9,1311004281044;0
15,3182482719421;7,99261083602905;0
15,3182482719421;8,86892522573471;0
15,3182482719421;8,84862344264984;0
15,3182482719421;8,66073060035706;0
15,3182482719421;8,94525173902512;0
15,3182482719421;8,40475373268128;0
15,3182482719421;8,72749681472778;0
15,3182482719421;8,97184855937958;0
15,3182482719421;8,6729674577713;0
15,3182482719421;8,49815571308136;0
15,3182482719421;8,79188647270203;0
15,3182482719421;8,25106905698776;0
15,3182482719421;7,93959363698959;0
15,3182482719421;8,73869687318802;0
15,3182482719421;8,81358355283737;0
15,3182482719421;7,79889904260635;0
15,3182482719421;9,20058743953705;0
15,3182482719421;9,05372830629349;0
15,3182482719421;8,90699684619904;0
15,3182482719421;9,25080298185349;0
99323,3387
