8,89681816101074;2,59354419708252;0
9,2495002746582;2,51908571720123;0
9,2495002746582;2,62101819515228;0
9,41817855834961;2,66624283790588;0
9,41817855834961;2,75636312961578;0
9,41817855834961;2,60441360473633;0
9,41817855834961;2,65128426551819;0
9,43721485137939;2,85303318500519;0
9,43721485137939;2,85980558395386;0
9,564208984375;2,88927299976349;0
9,564208984375;2,84386613368988;0
14,4574427604675;2,97392033338547;0
14,4574427604675;3,30516263246536;0
14,4574427604675;3,35709669589996;0
14,4762816429138;3,94930415153503;0
14,4762816429138;4,23895945549011;0
14,4762816429138;4,22851438522339;0
14,4762816429138;4,49562653303146;0
14,4762816429138;4,49453049898148;0
14,4762816429138;4,46573091745377;0
14,4762816429138;4,73864480257034;0
14,4762816429138;4,47265242338181;0
14,4762816429138;4,71114865541458;0
14,4762816429138;4,65988266468048;0
14,4762816429138;4,79777708053589;0
14,4762816429138;4,88631609678268;0
14,4762816429138;5,12778891324997;0
14,4762816429138;5,09633393287659;0
14,4762816429138;5,3745864033699;0
14,4762816429138;5,06899025440216;0
14,4762816429138;5,42396692037582;0
14,4762816429138;5,19381264448166;0
14,4762816429138;5,41148357391357;0
14,4762816429138;5,46532183885574;0
14,4762816429138;5,80768835544586;0
14,4762816429138;5,37101812362671;0
17,5275917053223;5,74276688098908;0
17,5478522777557;5,58980124592781;0
17,5478522777557;5,55516988039017;0
17,5478522777557;5,7594181239605;0
17,7745053768158;6,36790904402733;0
17,7768466472626;6,19415593743324;0
17,7768466472626;5,94314348101616;0
17,7771806716919;6,17220404148102;0
17,7771806716919;5,72738403081894;0
18,0208274126053;6,27995866835117;0
18,0208274126053;6,16382565498352;0
18,0208274126053;6,1625012665987;0
18,0208274126053;6,39308657050133;0
18,0208274126053;6,28028649091721;0
18,0208274126053;5,89251948595047;0
18,0208274126053;6,49118924736977;0
18,0208274126053;6,71503149867058;0
18,0208274126053;6,62516180574894;0
18,0208274126053;6,85793716907501;0
18,0875675678253;6,54903927445412;0
18,1608924865723;7,12966915369034;0
18,1608924865723;7,24241435527802;0
18,1608924865723;6,79245182573795;0
18,1608924865723;6,65757905840874;0
18,1608924865723;7,15783403217793;0
18,1798403263092;6,97247393727303;0
18,1798403263092;6,74461144208908;0
18,1859171390533;7,13186665177345;0
18,1859171390533;7,07837126255035;0
18,1910594701767;6,82727979123592;0
18,1910594701767;6,83111147880554;0
18,2418740987778;7,16785415112972;0
18,2418740987778;6,75949945449829;0
18,2418740987778;6,56116909384727;0
18,2418740987778;7,04803754687309;0
18,2418740987778;7,29045857787132;0
18,2418740987778;7,13425667285919;0
18,2418740987778;7,18243445754051;0
18,2418740987778;6,99825405776501;0
18,2418740987778;7,0112234801054;0
18,2418740987778;7,31166304945946;0
18,2418740987778;7,24639737606049;0
18,3321353197098;7,66141780912876;0
18,3321353197098;7,5595258295536;0
18,3321353197098;7,34738935828209;0
18,3321353197098;7,67685594260693;0
18,3321353197098;7,37438189089298;0
18,3321353197098;7,48809169232845;0
18,3321353197098;7,63080457150936;0
18,3321353197098;8,08671752512455;0
18,3321353197098;7,25437761545181;0
18,3369400501251;7,18245865702629;0
18,5194215774536;6,98341541290283;0
18,5194215774536;7,94050236940384;0
18,5659936666489;7,98269889056683;0
18,5659936666489;7,91570918560028;0
18,5659936666489;7,3428528547287;0
18,5659936666489;7,67642470300198;0
18,5659936666489;7,62492094039917;0
18,5659936666489;7,86484188735485;0
18,5659936666489;7,44500824809074;0
18,5659936666489;7,62182083129883;0
18,5659936666489;7,2169444411993;0
18,5659936666489;8,07243965268135;0
18,5659936666489;8,34103590250015;0
18,5695011615753;8,06594931483269;0
18,5695011615753;7,40900565385819;0
18,5695011615753;8,09927138090134;0
18,5695011615753;8,45188935399056;0
18,5695011615753;8,24201675653458;0
18,5842971801758;7,77627205848694;0
18,5842971801758;8,23539365530014;0
18,5842971801758;8,52143174409866;0
18,5842971801758;7,97823614180088;0
18,5842971801758;7,89868739843368;0
18,5842971801758;7,59969103336334;0
18,5842971801758;8,24469992518425;0
18,5842971801758;8,11683107614517;0
18,5842971801758;8,27008543014526;0
18,5842971801758;7,75161287784576;0
18,5842971801758;7,41533498764038;0
18,5842971801758;7,71907167434692;0
18,5842971801758;8,76001439094543;0
18,5842971801758;7,56442919969559;0
18,5842971801758;8,58694846630096;0
18,5842971801758;8,05534821152687;0
18,5842971801758;8,04155987501144;0
18,5842971801758;8,34378601908684;0
18,5842971801758;7,9252415060997;0
18,5842971801758;8,40100666880608;0
18,5842971801758;8,54188842773437;0
18,5842971801758;8,27241903543472;0
18,5842971801758;8,36644859313965;0
18,5842971801758;8,65016292333603;0
18,5842971801758;7,43109123706818;0
18,5879752635956;8,51292811632156;0
18,5879752635956;8,25592520236969;0
18,5879752635956;8,40211846530437;0
18,5879752635956;8,77602654695511;0
18,5879752635956;8,6182748645544;0
18,5879752635956;7,94678519070149;0
19,1206551790237;8,66555495858193;0
19,284682571888;8,62036922723055;0
19,2846826910973;8,56143479198217;0
19,2846826910973;8,28213594853878;0
19,2846826910973;8,42803011536598;0
19,2846826910973;7,97025144994259;0
19,2846826910973;8,48720637708902;0
19,2846826910973;7,97981572151184;0
19,2846826910973;8,59071883261204;0
19,2846826910973;9,18869843482971;0
19,2846826910973;8,8536795347929;0
19,2846826910973;8,44700920581818;0
19,2846826910973;8,72895287275314;0
19,2846826910973;8,60901018083096;0
19,2846826910973;8,98858222961426;0
19,2846826910973;9,3498783275485;0
19,2846826910973;8,67613669931889;0
19,2846826910973;8,24386723935604;0
19,2846826910973;8,51328302621841;0
19,2846826910973;8,76253047585487;0
19,2846826910973;8,73939335942268;0
19,2846826910973;8,69868121147156;0
19,2846826910973;9,13835278749466;0
19,2846826910973;9,21641523987055;0
19,2846826910973;9,1737674176693;0
19,2846826910973;9,21483737528324;0
19,2846826910973;9,1510373339057;0
19,2846826910973;8,44470382034779;0
19,2846826910973;8,69151358902454;0
19,2846826910973;9,45579117238522;0
19,2846826910973;9,14315648078918;0
19,2846826910973;9,33080531954765;0
19,2846826910973;9,23247554004192;0
19,2846826910973;8,29456783533096;0
19,2846826910973;8,7148774087429;0
19,2846826910973;9,23046282976866;0
19,2846826910973;9,4642006278038;0
19,2846826910973;8,73999981880188;0
19,2846826910973;9,14730512797832;0
19,2846826910973;8,7094973385334;0
19,2846826910973;9,03794981837273;0
19,2846826910973;9,47782090604305;0
19,2846826910973;9,29985891282558;0
19,2846826910973;8,88936885595322;0
19,2895818948746;9,20590931475163;0
19,2895818948746;9,36235927939415;0
19,2895818948746;9,67186494618654;0
19,2895818948746;8,89469116926193;0
19,2895818948746;9,08154980242252;0
19,2895818948746;9,42553935945034;0
19,2895818948746;9,63391997218132;0
19,2895818948746;9,1860995143652;0
19,2895818948746;8,83169237673283;0
19,2895818948746;9,08555197715759;0
19,2895818948746;9,76295783519745;0
19,2895818948746;9,62878815829754;0
19,2895818948746;9,13491865992546;0
19,2895818948746;9,73507096618414;0
19,2895818948746;9,77203474640846;0
19,2895818948746;9,260114595294;0
19,2895818948746;9,45841649919748;0
19,2895818948746;9,56502070426941;0
19,2895818948746;9,7326164573431;0
40398,1498
