13,4596219062805;3,62970457077026;0
13,459641456604;3,70651361942291;0
14,4747619628906;4,78089429140091;0
14,4747619628906;6,11530058383942;0
14,4747619628906;7,53944582939148;0
14,5418491363525;7,89393876791;0
14,5418491363525;8,10230271816254;0
14,5418491363525;8,03623371124268;0
14,5418491363525;8,97288724184036;0
14,5418491363525;9,65358047485352;0
14,5418491363525;11,0716304063797;0
14,5418491363525;11,0727274179459;0
14,5418491363525;10,4152557134628;0
14,5418491363525;10,4289384961128;0
14,5418491363525;11,1297867655754;0
14,5418491363525;12,2932869672775;0
14,6710953712463;11,8708935856819;0
14,6710953712463;11,2784379482269;0
14,6710953712463;11,2690557599068;0
14,6710953712463;11,7100282788277;0
14,6908326148987;12,0366730093956;0
14,6908326148987;12,5580628275871;0
14,6908326148987;12,2780832290649;0
14,6945753097534;12,3295309185982;0
16,98850274086;12,2528330385685;0
16,98850274086;12,7736932992935;0
16,98850274086;12,2528255701065;0
16,98850274086;12,9139610171318;0
16,98850274086;12,7593258619308;0
16,98850274086;11,9833542764187;0
16,98850274086;11,8957245230675;0
16,98850274086;12,910267663002;0
17,0885584354401;11,9264677345753;0
17,0885584354401;12,8387531340122;0
17,0885584354401;12,2378411531448;0
17,0885584354401;12,1318091034889;0
17,0885584354401;13,0758037686348;0
17,0885584354401;12,0091212868691;0
17,0885584354401;12,1456921160221;0
17,0885584354401;12,7511888027191;0
17,0885584354401;12,781040585041;0
17,0885584354401;12,3746635973454;0
17,0885584354401;12,1280770897865;0
17,0885584354401;12,6841943979263;0
17,0885584354401;12,9773716986179;0
17,0885584354401;12,6342929244041;0
17,0885584354401;12,7446702182293;0
17,0885584354401;12,3762737751007;0
17,1086082458496;13,1770286023617;0
17,1086082458496;12,4029214560986;0
17,1086082458496;12,2335975468159;0
17,1086082458496;13,5703973352909;0
17,1086082458496;12,6361411869526;0
17,1086082458496;12,5170086979866;0
17,1086082458496;12,4399978756905;0
17,1086082458496;11,5364786326885;0
17,1086082458496;12,4568359017372;0
17,1086082458496;11,9552521884441;0
17,1385879516602;12,057163465023;0
17,1385879516602;12,5943934381008;0
17,1385879516602;12,5554388105869;0
17,1385879516602;12,9837759256363;0
17,1385879516602;12,1613649666309;0
17,1385879516602;13,0691119372845;0
17,1385879516602;12,9002869129181;0
17,1385879516602;13,1016234636307;0
17,1573944091797;12,0580690562725;0
17,1707422733307;11,6965923666954;0
17,1707422733307;12,7989652872086;0
17,1707422733307;12,3652725815773;0
17,1707422733307;12,1821681082249;0
17,1707422733307;13,0296494603157;0
17,1707422733307;11,2931859195232;0
17,1758363246918;12,7704404652119;0
17,1758363246918;12,5241411209106;0
17,1758363246918;12,2483129858971;0
17,1758363246918;12,3381227135658;0
17,1758363246918;12,1886839866638;0
17,1758363246918;12,4855246603489;0
17,1758363246918;12,4888207912445;0
17,1758363246918;12,5746287167072;0
19,2865510582924;12,6839816048741;0
19,2925152778625;12,7665476858616;0
19,2925152778625;12,5952453196049;0
19,2925152778625;13,511522179842;0
19,2925152778625;13,1676129207015;0
19,2925152778625;13,4612675726414;0
19,2925155758858;13,9165901422501;0
19,2925155758858;13,0247238203883;0
19,2925155758858;14,6714639440179;0
19,292582154274;14,1497285932302;0
19,292582154274;14,3128390222788;0
19,292582154274;14,7598513618112;0
19,292582154274;14,3739734739065;0
19,292582154274;14,3916601374745;0
19,292582154274;14,2244962468743;0
19,292582154274;13,4127610564232;0
19,292582154274;14,5909877181053;0
19,292582154274;14,7091832399368;0
19,2925823926926;13,5437346786261;0
19,2925823926926;15,6019217357039;0
19,2925841808319;14,1334620758891;0
19,2925841808319;16,0463958248496;0
19,2925855517387;13,7487622916698;0
19,2925855517387;15,0836357980967;0
19,2925855517387;14,7014210417867;0
19,2925855517387;14,3147054746747;0
19,2925855517387;14,6970370352268;0
19,2925855517387;15,0791423365474;0
19,2925855517387;15,1925607964396;0
19,2925855517387;15,4957393229008;0
19,2925855517387;15,4001435622573;0
19,2925855517387;14,8685567855835;0
19,2925855517387;15,591691853106;0
19,2925855517387;14,4548326194286;0
19,2925855517387;15,5311302110553;0
19,2925855517387;15,1574167266488;0
19,2925855517387;16,0617453053594;0
19,2925855517387;16,2552431344986;0
19,2925855517387;15,2048342347145;0
19,2925855517387;16,2862800493836;0
19,2925855517387;15,1845295161009;0
19,2925855517387;16,1521142497659;0
19,2925855517387;15,3480140924454;0
19,2925855517387;14,364661899209;0
19,2925855517387;16,1185550242662;0
19,2925855517387;15,3015627726913;0
19,2925855517387;16,0775430381298;0
19,2925855517387;15,9203133478761;0
19,2925855517387;15,6396706461906;0
19,2925855517387;16,5256442338228;0
19,2925855517387;15,4719035342336;0
19,2925855517387;16,1638369396329;0
19,2925855517387;14,1864266753197;0
19,2925855517387;15,0689626395702;0
19,2925855517387;15,7615709960461;0
19,2925855517387;16,5279684826732;0
19,2925855517387;14,7216192364693;0
19,2925855517387;15,4716249674559;0
19,2925855517387;15,7482462838292;0
19,2925862073898;16,0754561126232;0
19,2925862073898;16,0282780736685;0
19,2925862073898;15,6861556380987;0
19,2925862073898;14,9133994832635;0
19,2925862073898;16,4029448017478;0
19,2925862073898;15,5242217481136;0
19,2925862073898;15,3175337508321;0
19,2925862073898;14,6693803161383;0
19,2925862073898;15,5153520017862;0
19,2925862073898;15,0738095477223;0
19,2925862073898;15,7322207599878;0
19,2925862073898;15,1887996062636;0
19,2925862073898;15,7566418617964;0
19,2925862073898;15,9689921498299;0
19,2925862073898;15,1292757630348;0
19,2925862073898;15,8329338133335;0
19,2925862073898;16,4918726190925;0
19,2925862073898;15,8405321270227;0
19,2925862073898;16,3221731737256;0
19,2925862073898;14,8613788962364;0
19,2925862073898;17,0545120865107;0
19,2925862073898;14,5878262102604;0
19,2925866246223;15,0439438700676;0
19,2925866246223;16,3107008472085;0
19,2925866246223;16,5884001269937;0
19,2925866246223;15,901145888865;0
19,2925866246223;14,6090595781803;0
19,2925866246223;14,5361476242542;0
19,2925866246223;15,7478486135602;0
19,2925866246223;16,0889943063259;0
19,2925866246223;15,9771971255541;0
19,2925866246223;16,6252997398376;0
19,2925866246223;16,3442408591509;0
19,2925866246223;15,7057653307915;0
19,2925866246223;14,859756372869;0
19,2925866246223;15,7087289527059;0
19,2925866246223;16,6848792001605;0
19,2925866246223;13,7291581645608;0
19,2925866246223;14,0797202453017;0
19,2925868630409;15,3063715398312;0
19,2925868630409;15,576965020597;0
19,2925868630409;16,287875507772;0
19,2925868630409;16,3024908706546;0
19,2925868630409;15,2909321919084;0
19,2925868630409;16,5701782599092;0
19,2925868630409;16,2154830008745;0
19,2925868630409;14,9780288562179;0
19,2925868630409;16,7400802105665;0
19,2925868630409;16,6423579499125;0
19,2925868630409;15,2747386291623;0
19,2925868630409;14,995727352798;0
19,2925868630409;15,4260429859161;0
19,2925868630409;15,487080039084;0
19,2925868630409;14,9348119691014;0
19,2925868630409;14,8221442952752;0
19,2925868630409;15,8561289697886;0
19,2925868630409;16,1778902411461;0
19,2925868630409;14,566972643137;0
19,2925868630409;17,1972490131855;0
19,2925868630409;15,1329989939928;0
74994,4699
