8,6305513381958;2,83660442829132;0
8,6312313079834;2,87403268814087;0
8,6312313079834;3,36187818050385;0
8,6312313079834;3,84122004508972;0
8,6312313079834;4,32483570575714;0
8,6312313079834;4,76995234489441;0
8,63126564025879;5,4054292678833;0
8,63126564025879;4,60511813163757;0
8,63126564025879;5,73731136322021;0
8,6313009262085;5,84188060760498;0
8,6313009262085;6,22775814533234;0
8,6313009262085;6,96064839363098;0
9,23181056976318;7,06170632839203;0
9,23181056976318;7,43010399341583;0
9,23181056976318;7,36399085521698;0
9,36747360229492;8,00023107528687;0
9,6470832824707;7,5461578130722;0
10,371150970459;8,03125596046448;0
14,4581155776978;8,41914005279541;0
14,4741368293762;8,2242222905159;0
14,4741368293762;8,25689363479614;0
14,4758229255676;9,06168857812881;0
14,4786224365234;8,98479753732681;0
14,4794297218323;9,30985075235367;0
14,4794297218323;9,59845920801163;0
14,4794297218323;10,1933054804802;0
14,4794297218323;10,4052783966064;0
14,4794297218323;10,4880203843117;0
14,4868245124817;10,6320573568344;0
19,2912009358406;10,2764010980725;0
19,2912009358406;12,0689291805029;0
19,2912009358406;11,5192362904549;0
19,2912009358406;11,468519026041;0
19,2912009358406;10,7901047557592;0
19,2912009358406;12,0304413065314;0
19,2912009358406;12,6368543624878;0
19,2912009358406;12,2378513634205;0
19,2912009358406;13,5910543978214;0
19,2912009358406;13,3931921243668;0
19,2912009358406;12,9603063806891;0
19,2912009358406;12,6930005148053;0
19,2912009358406;12,9083702892065;0
19,2912009358406;12,3676767617464;0
19,2912009358406;12,9231073126197;0
19,2912009358406;12,8976600319147;0
19,2913169264793;12,9996817901731;0
19,2913169264793;12,3000134706497;0
19,2913169264793;13,1521271854639;0
19,2913169264793;13,7421725347638;0
19,2913169264793;13,486589436233;0
19,2913169264793;14,043979370594;0
19,2913169264793;11,7040653243661;0
19,2913169264793;13,289652261138;0
19,2913501262665;13,859465496242;0
19,2913501262665;14,1760572656989;0
19,2913501262665;14,9858473747969;0
19,2913501262665;14,8831821545959;0
19,2913501262665;13,8754988208413;0
19,2913501262665;14,7375652119517;0
19,2913501262665;13,005365742743;0
19,2913501262665;13,7648597732186;0
19,2913501262665;13,306829880178;0
19,2913501262665;14,3267149612308;0
19,2913501262665;14,6649736434221;0
19,2913501262665;14,8708098992705;0
19,2913501262665;15,1428977921605;0
19,2913511395454;14,3932606935501;0
19,2913511395454;14,4609539374709;0
19,2913511395454;14,7155469328165;0
19,2913511395454;14,4659020900726;0
19,2913511395454;14,8514827847481;0
19,2913511395454;14,5381166383624;0
19,2913511395454;14,8001303315163;0
19,2913511395454;14,299129730463;0
19,2913511395454;14,2961605593562;0
19,2913517951965;13,9264770433307;0
19,2913517951965;14,6700383320451;0
19,2913535237312;15,767123515904;0
19,2913535237312;15,0220464527607;0
19,2913535237312;13,7456891715527;0
19,2913535237312;14,7852841943502;0
19,2913535237312;14,9074273854494;0
19,2913535237312;15,6343679919839;0
19,2913535237312;15,0463053926826;0
19,2913535237312;14,8376774549484;0
19,2914770841599;14,6347389906645;0
19,2914770841599;14,8034690260887;0
19,2914770841599;14,822892332077;0
19,2914770841599;15,849682225287;0
19,2914770841599;16,1464716255665;0
19,2914770841599;15,6403509154916;0
19,2914770841599;16,397254614532;0
19,2914770841599;14,2998369425535;0
19,2914770841599;14,9065912261605;0
19,2914770841599;14,4754840701818;0
19,2914770841599;16,3508246555924;0
19,2914770841599;15,7545283973217;0
19,2914770841599;16,7083844527602;0
19,2914770841599;13,7410628899932;0
19,2914770841599;15,9104784592986;0
19,2914770841599;14,9724526509643;0
19,2914770841599;14,6382833063602;0
19,2914770841599;15,1356392666698;0
19,2914770841599;14,2375181362033;0
19,2914770841599;14,9686575159431;0
19,2914770841599;14,4245236501098;0
19,2914770841599;15,4586734816432;0
19,2914770841599;15,5173034951091;0
19,2914777398109;15,5346262857318;0
19,2914777398109;15,5162262126803;0
19,2914777398109;12,9911015063524;0
19,2914777398109;15,7733769088984;0
19,2914777398109;14,9183116465807;0
19,2914777398109;14,7187187626958;0
19,2914777398109;16,099939994514;0
19,2914777398109;15,5752971544862;0
19,2914777398109;14,9708933234215;0
19,2914777398109;15,4994130402803;0
19,2914777398109;14,613203458488;0
19,2914777398109;15,8598152294755;0
19,2914777398109;15,0593677818775;0
19,2914777398109;15,6753060430288;0
19,2914777398109;15,2747267693281;0
19,2914777398109;15,1358659386635;0
19,2914777398109;15,0008242145181;0
19,2914777398109;15,8940193533897;0
19,2914777398109;15,2558322414756;0
19,2914777398109;16,7292996570468;0
19,2914777398109;15,6506275951862;0
19,2914777398109;15,1114439830184;0
19,2914777398109;15,7850022211671;0
19,2914777398109;15,8918722301722;0
19,2914777398109;15,7645048126578;0
19,2914777398109;14,8976309880614;0
19,2914777398109;15,1569048956037;0
19,2914777398109;15,444563126564;0
19,2914777398109;15,4204230591655;0
19,2914777398109;15,4094506785274;0
19,2914777398109;15,073694729805;0
19,2914777398109;16,3721473619342;0
19,2914777398109;13,7970346227288;0
19,2914777398109;16,6886682122946;0
19,2914777398109;15,6833131924272;0
19,2914777398109;16,0613717764616;0
19,2914777398109;14,9912667617202;0
19,2914777398109;14,728138320148;0
19,291497528553;13,8339609026909;0
19,291497528553;15,6348770186305;0
19,291497528553;15,9437808215618;0
19,291497528553;16,0465624392033;0
19,291497528553;16,3329512566328;0
19,291497528553;15,9765490487218;0
19,291497528553;15,0602399721742;0
19,291497528553;15,0716630905867;0
19,291497528553;15,8547751545906;0
19,291497528553;15,450919868052;0
19,2915608286858;15,4399478241801;0
19,2915608286858;15,0123771041632;0
19,2915608286858;15,31295273453;0
19,2915608286858;16,1003626897931;0
19,2915608286858;15,3117811530828;0
19,2915608286858;16,0774368360639;0
19,2915608286858;14,4155049234629;0
19,2915608286858;15,3246167913079;0
19,2915853261948;15,9763051405549;0
19,2915853261948;16,1307251647115;0
19,2915853261948;14,762778532505;0
19,2915853261948;15,810399672389;0
19,2915853261948;15,538080689311;0
19,2915853261948;15,2641966491938;0
19,2915853261948;16,984260495007;0
19,2915853261948;14,6045414984226;0
19,2915853261948;15,2572014823556;0
19,2915853261948;16,2348439767957;0
19,2915853261948;15,9772769600153;0
19,2915853261948;13,8160539552569;0
19,2915853261948;15,7827873036265;0
19,2915853261948;15,4033277124166;0
19,2915853261948;14,6624276161194;0
19,2915853261948;15,1694570556283;0
19,2915853261948;15,9637996703386;0
19,2915853261948;14,5153265282512;0
19,2915853261948;15,2314534962177;0
19,2915853261948;15,4781335681677;0
19,2915853261948;15,9465790331364;0
19,2915853261948;15,9323913678527;0
19,2915853261948;15,4806979164481;0
19,2915853261948;15,8640610516071;0
19,2915853261948;15,0408777222037;0
19,2915853261948;15,7129474937916;0
19,2915853261948;16,7020993232727;0
19,2915853261948;16,0051856279373;0
19,2915853261948;15,5618503019214;0
19,2915853261948;15,458810274303;0
19,2915853261948;14,0192453429103;0
19,2915853261948;15,2985853344202;0
19,2915853261948;16,9320373088121;0
19,2915853261948;15,1202096670866;0
19,2915853261948;16,1530758664012;0
19,2915853261948;15,6965456932783;0
69960,2906
