14,4486932754517;3,39823949337006;775
14,4698548316956;5,19074378013611;775
14,4698548316956;4,18313848972321;779
14,4765520095825;5,49661506414413;780
14,4785022735596;5,18000940084457;781
14,4785022735596;5,88852783441544;781
14,4785022735596;4,53875765800476;782
14,4785022735596;5,90659039020538;784
14,4785022735596;5,14493701457977;785
14,4785022735596;4,3194687128067;786
14,4790716171265;5,48056555986404;786
14,4790716171265;4,56134295463562;786
14,4790716171265;5,30347608327866;787
14,4790716171265;3,92275612354279;788
14,4790716171265;4,50898683071136;789
14,4790716171265;4,60984845161438;792
14,4790716171265;4,99469622373581;792
14,4790716171265;4,80552216768265;793
14,4790716171265;5,62392582893372;795
14,4790716171265;4,96532607078552;795
14,4790716171265;5,13768721818924;798
14,4790716171265;5,1001309633255;798
14,4790716171265;5,75762583017349;799
14,4790716171265;4,15911868810654;801
14,4790716171265;5,4413782119751;801
14,4790716171265;5,46095650196075;801
14,479199886322;5,47543250322342;801
14,479199886322;5,79502499103546;804
14,479199886322;4,50392429828644;806
14,479199886322;4,12824286222458;806
14,479199886322;3,64640717506409;806
14,479199886322;4,95936710834503;806
14,479199886322;5,19654116630554;807
14,479199886322;5,82880090475082;808
14,479199886322;4,47275846004486;808
14,479199886322;3,98818454742432;808
14,479199886322;4,71327208280563;808
14,479199886322;4,90681935548782;808
14,479199886322;4,8049548625946;808
14,479199886322;3,99761166572571;808
14,479199886322;5,69109590053558;808
14,479199886322;3,11761426925659;808
14,479199886322;4,51112070083618;810
14,479199886322;4,561947453022;814
14,479199886322;3,88557906150818;815
14,479199886322;5,86438637971878;815
14,479199886322;4,86463000774384;815
14,479199886322;6,35949516296387;817
14,479199886322;4,47986062765122;818
14,479199886322;4,68354562520981;819
14,479199886322;4,14492694139481;819
14,479199886322;4,55285151004791;822
14,479362487793;5,93430222272873;823
14,479362487793;4,8602326631546;823
14,4831447601318;5,26656692028046;823
14,4831447601318;4,93781094551086;824
14,4831447601318;4,88050663471222;824
14,4831447601318;5,10546000003815;825
14,4831447601318;3,92320582866669;825
14,4831447601318;5,28253092765808;825
14,4831447601318;4,67658461332321;826
14,4831447601318;4,52373549938202;826
14,4831447601318;5,0028956413269;826
14,4831447601318;4,1051344871521;827
14,4831447601318;5,80479471683502;827
14,4831447601318;4,65687906742096;828
14,4831447601318;5,68620536327362;829
14,4831447601318;4,70850219726563;830
14,4831447601318;6,34565080404282;830
14,4831447601318;4,85843954086304;831
14,4869861602783;4,74008178710938;831
14,4869861602783;5,36294057369232;833
14,4869861602783;4,74810798168182;833
14,4869861602783;4,52792689800262;835
14,9575538635254;4,13952004909515;836
14,9575538635254;6,0634529709816;837
14,9575538635254;4,81291688680649;837
14,9575538635254;4,08618469238281;840
14,9575538635254;5,04014385938644;840
14,9575538635254;4,96804435253143;840
14,9575538635254;4,5432332277298;840
15,0886406898499;4,64878078699112;841
15,0886406898499;4,51477425098419;844
15,0886406898499;4,36457188129425;846
15,0886406898499;4,90739681720734;846
15,0886406898499;5,25130432844162;848
15,0886406898499;4,56590197086334;849
15,0886406898499;5,3168662071228;850
15,0886406898499;4,59337409734726;850
15,0886406898499;5,04867777824402;851
15,0886406898499;4,57354292869568;853
15,0886406898499;5,75097814798355;853
15,0886406898499;5,78010787963867;854
15,0886406898499;5,39245979785919;854
15,0886406898499;5,69303121566773;855
15,0886406898499;5,00625151395798;856
15,0886406898499;5,80837191343308;856
15,0886406898499;5,57782224416733;857
15,0886406898499;5,45762341022491;857
15,0886406898499;4,64666919708252;858
15,0886406898499;5,32639389038086;858
15,0886406898499;5,03072229623795;858
15,0886406898499;5,17467087507248;860
15,0886406898499;5,2491023182869;860
15,0886406898499;4,25491889715195;860
15,0886406898499;5,29301196336746;860
15,0886406898499;5,17780070304871;861
15,0886406898499;4,9400198340416;861
15,0886406898499;5,87629210948944;862
15,0886406898499;5,1725430727005;862
15,0886406898499;5,12447221279144;865
15,0886406898499;5,38222707509995;866
15,0886406898499;5,01601374149323;866
15,0886406898499;5,00546647310257;866
15,0886406898499;4,76731519699097;866
15,0886406898499;4,70829590559006;867
15,0886406898499;5,27764132022858;867
15,0886406898499;6,36482181549072;868
15,0886406898499;4,46403396129608;870
15,0886406898499;4,88189750909805;871
15,0886406898499;6,07333662509918;872
15,0886406898499;5,26503305435181;875
15,0886406898499;5,488376557827;875
15,0886406898499;5,1420992732048;876
15,0886406898499;4,84583562612534;876
15,0886406898499;5,07839322090149;877
15,0886406898499;4,2022668838501;879
15,0886406898499;6,13014189004898;881
15,0886406898499;5,44873987436295;884
15,0886406898499;4,76808747053146;884
15,0886406898499;4,83525903224945;884
15,0886406898499;4,69495565891266;885
15,0886406898499;4,8645925283432;886
15,0886406898499;5,78010498285294;886
15,0886406898499;4,48617781400681;887
15,0886406898499;5,58081293106079;887
15,0886406898499;4,71668832302093;887
15,0886406898499;6,0487917304039;887
15,0886406898499;4,57545379400253;889
15,0886406898499;4,41308598518372;890
15,0886406898499;4,48570185899735;890
15,0886406898499;4,99025346040726;891
15,0886406898499;5,56133782863617;891
15,0886406898499;5,78479837179184;891
15,0886406898499;4,81988840103149;892
15,0886406898499;5,98312026262283;893
15,0886406898499;5,28218146562576;893
15,0886406898499;4,82902446985245;893
15,0886406898499;4,78790110349655;894
15,0886406898499;4,86576253175735;895
15,0886406898499;4,39069494009018;896
15,0886406898499;4,25898774862289;897
15,0886406898499;4,88595399856567;898
15,0886406898499;4,61476756334305;898
15,0886406898499;4,14563355445862;898
15,0886406898499;6,44857624769211;898
15,0886406898499;4,84159200191498;899
15,0886406898499;5,12342611551285;899
15,0886406898499;5,60523644685745;900
15,0886406898499;4,35453938245773;900
15,0886406898499;5,09027787446976;900
15,0886406898499;4,76561934947968;900
15,0886406898499;5,56885867118835;900
15,0886406898499;5,5647073507309;901
15,0886406898499;4,64621715545654;901
15,0886406898499;5,24979287385941;902
15,0886406898499;4,98301916122437;902
15,0886406898499;3,89616440534592;902
15,0886406898499;4,54253304004669;902
15,0886406898499;5,80026699304581;903
15,0886406898499;5,82639466524124;903
15,0886406898499;4,78248938322067;904
15,0886406898499;5,19017174243927;904
15,0886406898499;4,78411333560944;905
15,0886406898499;5,91277339458466;906
15,0886406898499;4,75498154163361;906
15,0886406898499;4,53572050333023;906
15,0886406898499;4,56548564434052;907
15,0886406898499;5,63971750736237;910
15,0886406898499;4,77686327695847;911
15,0886406898499;4,74344192743301;912
15,0886406898499;4,82408273220062;912
15,0886406898499;4,51736397743225;912
15,0886406898499;5,41911404132843;912
15,0886406898499;5,59730587005615;913
15,0886406898499;5,61069672107697;913
15,0886406898499;5,08171331882477;914
15,0886406898499;4,00565103292465;914
15,0886406898499;5,1739705324173;914
15,0886406898499;4,92450003623962;914
15,0886406898499;5,40403496026993;914
15,0886406898499;4,1500470995903;914
15,0886406898499;5,14113558530808;915
15,0886406898499;4,59843024015427;915
15,0886406898499;5,25150800943375;915
15,0886406898499;4,70646480321884;915
15,0886406898499;5,91158835887909;916
15,0886406898499;6,57282079458237;916
15,0886406898499;5,50972512960434;916
15,0886406898499;4,64430165290833;916
93750,0657
