14,4592428207397;3,19810470342636;0
14,4789953231812;6,15198893547058;0
14,4789953231812;11,4088414907455;0
14,4789953231812;13,4907704949379;0
14,4789953231812;13,9093141913414;0
14,4789953231812;13,8085198283196;0
14,4789953231812;13,5869812369347;0
14,4789953231812;13,6028172373772;0
14,4789953231812;13,8778419733047;0
14,4792528152466;13,796687066555;0
14,4792528152466;14,4676481485367;0
14,4793567657471;14,1503651022911;0
14,4793567657471;13,245706820488;0
14,4793567657471;14,1823373436928;0
14,4793567657471;14,1615039587021;0
14,4793791770935;14,3282940149307;0
14,4794182777405;13,9134401798248;0
14,4794182777405;14,1005577802658;0
14,479434967041;13,8643298268318;0
14,479434967041;13,393212223053;0
14,479434967041;14,3261746168137;0
14,479434967041;13,8042962551117;0
14,479434967041;14,3262936115265;0
14,479434967041;14,32987190485;0
14,479434967041;14,1842248916626;0
14,479434967041;14,4731042385101;0
14,4794354438782;14,4713455080986;0
14,4794354438782;14,1829227566719;0
14,4794354438782;13,9507367491722;0
14,4794354438782;14,0179506659508;0
14,4794354438782;14,1695150971413;0
14,4794363975525;13,5713859558105;0
14,4794363975525;14,3304549336433;0
14,4794363975525;14,1260612010956;0
14,4794363975525;13,2644577145576;0
14,4794363975525;13,409962117672;0
14,4794363975525;14,1277162671089;0
14,4794363975525;14,174907541275;0
14,4794363975525;13,9634902119637;0
14,4794363975525;12,9360731720924;0
14,4794363975525;14,1785189509392;0
14,4794363975525;14,4729400634766;0
14,4794363975525;14,1583579778671;0
14,4794363975525;13,8087304472923;0
14,479437828064;14,1801019906998;0
14,479437828064;14,1568176031113;0
14,479437828064;14,0083449006081;0
14,4794397354126;14,4744338035584;0
14,4794406890869;14,1632251620293;0
14,4794406890869;13,9777306556702;0
14,4794406890869;14,1804949760437;0
14,4794406890869;13,2670082092285;0
14,4794406890869;13,219758605957;0
14,4794406890869;13,3579387187958;0
14,4794406890869;13,6857613563538;0
14,4794406890869;12,8546330809593;0
14,4794406890869;14,159655547142;0
14,4794406890869;13,776492536068;0
14,4794406890869;13,4594759702682;0
14,4794406890869;13,7885601878166;0
14,4794406890869;14,1271655082703;0
14,4794406890869;14,2478571176529;0
14,4794406890869;14,4746634602547;0
14,4794406890869;14,2332781672478;0
14,4794406890869;14,1572134375572;0
14,4794406890869;14,3292769312859;0
14,4794406890869;14,1820795297623;0
14,4794406890869;13,7890006184578;0
14,4794406890869;14,471325480938;0
14,4794406890869;14,1633734941483;0
14,4794406890869;14,4718812942505;0
14,4794406890869;14,1707159399986;0
14,4794406890869;14,4718595743179;0
14,4794406890869;13,4957179188728;0
14,4794406890869;13,6326543331146;0
14,4794406890869;13,4630368113518;0
14,4794406890869;14,4707611918449;0
14,4794406890869;14,0104856491089;0
14,4794406890869;13,7749159693718;0
14,4794406890869;14,4709323644638;0
14,4794406890869;14,1249788165092;0
14,4794406890869;13,8270491600037;0
14,4794406890869;14,4728502035141;0
14,4794406890869;14,4754949212074;0
14,4794406890869;14,1564005851746;0
14,4794406890869;13,8441603899002;0
14,4794406890869;13,960440659523;0
14,4794406890869;13,8067580342293;0
14,4794406890869;13,3989327073097;0
14,4794406890869;14,1516566514969;0
14,4794406890869;14,4745547890663;0
14,4794406890869;14,3221353173256;0
14,4794406890869;14,311799967289;0
14,4794406890869;14,0013109445572;0
14,4794406890869;13,8149019360542;0
14,4794406890869;14,1240036606789;0
14,4794406890869;14,4713137865067;0
14,4794406890869;14,1250842452049;0
14,4794406890869;14,0100883126259;0
14,4794406890869;13,8079867362976;0
14,4794406890869;13,4693326234818;0
14,4794406890869;14,3059523463249;0
14,4794406890869;13,5159279584885;0
14,4794406890869;12,3455101132393;0
14,4794406890869;13,5109538197517;0
14,4794406890869;14,1239014387131;0
14,4794406890869;14,3310943245888;0
14,4794406890869;13,6313455462456;0
14,4794406890869;14,1075549602509;0
14,4794406890869;14,1558405280113;0
14,4794406890869;14,1743615269661;0
14,4794406890869;14,0903012394905;0
14,4794406890869;14,4757421374321;0
14,4794406890869;14,4740633249283;0
14,4794406890869;13,9798563718796;0
14,4794406890869;14,4713754296303;0
14,4794406890869;14,4698709249496;0
14,4794406890869;14,4734040260315;0
14,4794406890869;14,3246469855309;0
14,4794406890869;13,8192885756493;0
14,4794406890869;13,8133740067482;0
14,4794406890869;14,1562732219696;0
14,4794406890869;12,9965777993202;0
14,4794406890869;14,1584068775177;0
14,4794406890869;14,1267085075378;0
14,4794406890869;13,9786327123642;0
14,4794406890869;14,1229847073555;0
14,4794406890869;14,1474579334259;0
14,4794406890869;14,4693589806557;0
14,4794406890869;13,844303894043;0
14,4794406890869;13,3813937664032;0
14,4794406890869;13,5347469806671;0
14,4794406890869;14,4735162258148;0
14,4794406890869;13,4890655994415;0
14,4794406890869;13,4970683574677;0
14,4794406890869;12,5372498035431;0
14,4794406890869;13,6973646402359;0
14,4794406890869;14,327246427536;0
14,4794406890869;14,4734601140022;0
14,4794406890869;14,1265918016434;0
14,4794406890869;14,1261538028717;0
14,4794406890869;14,4730300188065;0
14,4794406890869;14,4734674453735;0
14,4794406890869;13,8070327758789;0
14,4794406890869;14,0096109747887;0
14,4794406890869;14,0117549300194;0
14,4794406890869;13,9820669531822;0
14,4794406890869;13,5151574611664;0
14,4794406890869;14,1574208378792;0
14,4794406890869;13,6314149618149;0
14,4794406890869;14,0932386279106;0
14,4794406890869;14,1643505334854;0
14,4794406890869;14,3256462931633;0
14,4794406890869;14,0137277960777;0
14,4794406890869;13,9765724778175;0
14,4794406890869;14,1521265983582;0
14,4794406890869;13,0030528068542;0
14,4794406890869;13,9807945370674;0
14,4794406890869;14,1562887310982;0
14,4794406890869;14,1599581122398;0
14,4794406890869;14,1245227217674;0
14,4794406890869;13,806776869297;0
14,4794406890869;14,1553899765015;0
14,4794406890869;14,4724241375923;0
14,4794406890869;14,4703947901726;0
14,4794406890869;14,1222557544708;0
14,4794406890869;14,4729023933411;0
14,4794406890869;13,2823895931244;0
14,4794406890869;13,3199487090111;0
14,4794406890869;14,4734859704971;0
14,4794406890869;13,3397291779518;0
14,4794406890869;13,8134361982346;0
14,4794406890869;13,62611951828;0
14,4794406890869;14,155108320713;0
14,4794406890869;12,9507668495178;0
14,4794406890869;14,1270683407784;0
14,4794406890869;14,1259785056114;0
14,4794406890869;14,1596163988113;0
14,4794406890869;14,3256810069084;0
14,4794406890869;13,5531560659409;0
14,4794406890869;14,4693918824196;0
14,4794406890869;14,0165044307709;0
14,4794406890869;14,0082271814346;0
14,4794406890869;13,3631118297577;0
14,4794406890869;14,1794728398323;0
14,4794406890869;14,1565907120705;0
14,4794406890869;14,469785618782;0
14,4794406890869;13,8611727714539;0
14,4794406890869;14,4735241055489;0
14,4794406890869;14,4738616108894;0
14,4794406890869;14,1268630981445;0
14,4794406890869;13,964351940155;0
14,4794406890869;14,124546289444;0
14,4794406890869;13,4852598667145;0
14,4794406890869;13,9787969231606;0
14,4794406890869;13,7760339856148;0
14,4794406890869;13,8599726676941;0
14,4794406890869;13,4845728993416;0
14,4794406890869;13,9787931323051;0
14,4794406890869;14,0101512551308;0
84206,8322
