14,4584445953369;2,90161747932434;0
14,4588809013367;7,01317864656448;0
16,866706609726;9,31645587086678;0
16,866706609726;10,5611619114876;0
16,866706609726;12,3877494573593;0
16,866706609726;13,4318107128143;0
16,866706609726;13,6544916033745;0
16,866706609726;14,1201789736748;0
16,866706609726;13,3814805269241;0
16,866706609726;13,7335380792618;0
16,866706609726;14,3300040602684;0
19,1495687961578;14,4467752277851;0
19,1495687961578;13,6201666116714;0
19,284975528717;13,0831730008125;0
19,284975528717;13,7736218169332;0
19,2855383753777;14,2106747329235;0
19,2855383753777;14,6633999809623;0
19,2864748835564;16,368623444438;0
19,2864748835564;16,10196403265;0
19,2865414619446;15,4889736205339;0
19,2865414619446;15,5328456953168;0
19,2865414619446;15,1373881056905;0
19,2865414619446;13,8785750642419;0
19,2865414619446;14,346434147656;0
19,2865414619446;14,3109672263265;0
19,2865414619446;15,550445830822;0
19,2865414619446;13,2686046153307;0
19,2865414619446;15,3519407868385;0
19,2865414619446;16,7656698465347;0
19,2911443114281;14,1096845328808;0
19,2911443114281;14,3143966525793;0
19,2911443114281;17,3089478895068;0
19,2911443114281;14,2074661910534;0
19,2911443114281;15,3499174952507;0
19,2911443114281;15,3635403603315;0
19,2911443114281;13,7645875871181;0
19,2911443114281;15,8049569651484;0
19,2911443114281;14,6780114173889;0
19,2911443114281;15,6887647047639;0
19,2911443114281;14,5296374544501;0
19,2911443114281;15,2278883293271;0
19,2911792993546;15,1725424289703;0
19,2911792993546;16,3995815142989;0
19,2911792993546;15,0392958045006;0
19,2911792993546;15,0013360336423;0
19,2911792993546;15,2400641411543;0
19,2911792993546;16,0561276510358;0
19,2911792993546;13,1354543745518;0
19,2911792993546;14,8451602801681;0
19,2911792993546;14,2555027484894;0
19,2911792993546;14,5500450626016;0
19,2911792993546;15,3812220335007;0
19,2911792993546;12,9967718139291;0
19,2911792993546;14,4940867647529;0
19,2911792993546;14,9613560914993;0
19,2912684082985;17,2171526148915;0
19,2912684082985;15,0921799361706;0
19,2912684082985;15,1878353044391;0
19,2912684082985;14,959956651926;0
19,2912684082985;14,0824420556426;0
19,2912684082985;15,3504405140877;0
19,2912684082985;15,3244224399328;0
19,2912684082985;15,7092377051711;0
19,2914293408394;15,7523470178247;0
19,2914293408394;15,9836227431893;0
19,2914293408394;14,4666099578142;0
19,2914293408394;14,5834976583719;0
19,2914293408394;13,7283336311579;0
19,2914293408394;12,4820374429226;0
19,2914293408394;13,5824542224407;0
19,2914293408394;13,7367098882794;0
19,2914293408394;13,6761449798942;0
19,2914293408394;15,1578129261732;0
19,2914293408394;12,8332034006715;0
19,2914293408394;15,1819896012545;0
19,2914293408394;15,6313450187445;0
19,2914293408394;14,8906769827008;0
19,2914293408394;15,2838293999434;0
19,2914293408394;15,0231977254152;0
19,2914293408394;15,8621589809656;0
19,2914293408394;15,3419867411256;0
19,2914293408394;15,2448043107986;0
19,2914293408394;15,125441326201;0
19,2914293408394;15,8136573180556;0
19,2914293408394;15,741471119225;0
19,2914293408394;16,003367292881;0
19,2914293408394;14,7523762241006;0
19,2914293408394;15,0074402481318;0
19,2914293408394;17,4260280266404;0
19,2914293408394;15,4009796753526;0
19,2914293408394;16,7038340389729;0
19,2914293408394;16,0539307445288;0
19,2914293408394;16,1701213389635;0
19,2914293408394;16,3203466653824;0
19,2914293408394;16,0381089091301;0
19,2914293408394;17,1152085363865;0
19,2914293408394;15,2188700065017;0
19,2914293408394;18,1514158084989;0
19,2914293408394;14,4981189474463;0
19,2914293408394;16,6264597699046;0
19,2914293408394;15,8925145596266;0
19,2914293408394;16,0016314715147;0
19,2914293408394;16,7363913595676;0
19,2914293408394;16,0506728976965;0
19,2914293408394;17,0983524799347;0
19,2914293408394;16,4839042261243;0
19,2914293408394;16,246345205605;0
19,2914293408394;16,7148582071066;0
19,2914293408394;16,387911182642;0
19,2914293408394;14,9025160104036;0
19,2914293408394;16,5438377231359;0
19,2914293408394;15,7491481214762;0
19,2914293408394;15,9802427992225;0
19,2914293408394;16,8469420358539;0
19,2914293408394;15,774270580709;0
19,2914293408394;16,5360013797879;0
19,2914293408394;15,24353441149;0
19,2914293408394;16,1803181320429;0
19,2914293408394;16,2475801959634;0
19,2914293408394;16,7504322379828;0
19,2914293408394;15,710542114079;0
19,2914293408394;16,2942054644227;0
19,2914293408394;16,0668212115765;0
19,2914293408394;15,5999112606049;0
19,2914293408394;15,5854463264346;0
19,2914293408394;15,6202759444714;0
19,2914293408394;16,1757789060473;0
19,2914293408394;16,5915764003992;0
19,2914293408394;16,521711820364;0
19,2914293408394;16,5666501864791;0
19,2914293408394;16,3855930998921;0
19,2914293408394;15,1307601854205;0
19,2914293408394;15,0427793845534;0
19,2914293408394;16,9668403923512;0
19,2914293408394;15,9414134219289;0
19,2914293408394;16,1577647328377;0
19,2914293408394;16,7976129636168;0
19,2914293408394;15,6399284780025;0
19,2914293408394;15,3969717115164;0
19,2914293408394;15,4325752571225;0
19,2914293408394;15,845235286653;0
19,2914293408394;16,3790853440762;0
19,2914293408394;15,5689867138863;0
19,2914293408394;15,7530718252063;0
19,2914293408394;16,1545230984688;0
19,2914293408394;16,5931890755892;0
19,2914293408394;17,119988566637;0
19,2914293408394;16,0526315659285;0
19,2914293408394;16,222635962069;0
19,2914293408394;15,4622209459543;0
19,2914293408394;14,3503777772188;0
19,2914293408394;16,9843711912632;0
19,2914293408394;17,1221295014024;0
19,2914293408394;16,0163648054004;0
19,2914293408394;17,2562023505569;0
19,2914293408394;15,3230044767261;0
19,2914293408394;15,8184618875384;0
19,2914293408394;17,7168538719416;0
19,2914293408394;16,5180685803294;0
19,2914293408394;17,1505053535104;0
19,2914293408394;17,1607680097222;0
19,2914293408394;16,6943562626839;0
19,2914293408394;15,7890973091125;0
19,2914293408394;16,150433973968;0
19,2914293408394;15,8620736017823;0
19,2914293408394;14,6029428526759;0
19,2914293408394;16,0232442438602;0
19,2914293408394;16,7148982197046;0
19,2914293408394;15,9312215477228;0
19,2914293408394;18,0279888421297;0
19,2914293408394;15,4601248845458;0
19,2914293408394;16,0739112406969;0
19,2914293408394;16,3890077874064;0
19,2914293408394;15,5872397884727;0
19,2914293408394;16,126233305037;0
19,2914293408394;18,0114745572209;0
19,2914293408394;16,43315320611;0
19,2914293408394;16,8883311152458;0
19,2914293408394;16,8535340324044;0
19,2914293408394;16,9965431526303;0
19,2914293408394;17,1198064103723;0
19,2914293408394;15,324824680388;0
19,2914293408394;15,5735501840711;0
19,2914293408394;17,0347269237041;0
19,2914293408394;17,6509388238192;0
19,2914293408394;15,8680557921529;0
19,2914293408394;17,5659829765558;0
19,2914293408394;17,2656944587827;0
19,2914293408394;18,259969817102;0
19,2914293408394;16,4794492155314;0
19,2914293408394;14,2803350418806;0
19,2914293408394;14,3122830554843;0
19,2914293408394;16,6708697557449;0
19,2914293408394;17,3206232979894;0
19,2914293408394;17,5728479355574;0
19,2914293408394;17,2201318830252;0
19,2914293408394;14,7688968360424;0
19,2914293408394;16,3275473877788;0
19,2914293408394;17,3703053280711;0
19,2914293408394;16,1399874180555;0
95841,0949
