8,63125991821289;3,93179457187653;0
14,1550574302673;3,09676440954208;0
14,1550574302673;3,56748397350311;0
14,4574012756348;3,48259181976318;0
14,4574012756348;2,81948125362396;0
14,4574012756348;2,58952655792236;0
14,4574012756348;2,37813274860382;0
14,4574012756348;2,63452699184418;0
14,4574012756348;2,62451143264771;0
14,4574012756348;2,67589354515076;0
14,458167552948;2,41310673952103;0
14,458167552948;2,05956482887268;0
14,458167552948;2,814777302742;0
14,458167552948;3,68910880088806;0
14,458167552948;3,24578351974487;0
14,4723510742188;3,36265587806702;0
14,4724445343018;2,96330156326294;0
14,4724445343018;2,65957264900208;0
14,4724445343018;3,29171764850616;0
14,4724445343018;3,47726137638092;0
14,4724445343018;3,04369051456451;0
14,4724445343018;2,76914215087891;0
14,4724445343018;3,22820370197296;0
14,4724445343018;3,86526668071747;0
14,4724445343018;3,56008808612823;0
14,4724445343018;3,92862179279327;0
14,4724445343018;3,41014387607574;0
14,4724445343018;3,38596224784851;0
14,4724445343018;3,32257671356201;0
14,4724445343018;2,81106157302856;0
14,4724445343018;3,07438502311707;0
14,4724445343018;2,56198647022247;0
14,4724445343018;3,18408167362213;0
14,4724445343018;3,71259562969208;0
14,4724445343018;3,66356513500214;0
14,4724445343018;3,8702996969223;0
14,4724445343018;3,9391254901886;0
14,4724445343018;3,51163730621338;0
14,4724445343018;3,75577917098999;0
14,4724445343018;3,53640186786652;0
14,4724445343018;3,84488379955292;0
14,4724445343018;4,02109372615814;0
14,4724445343018;3,58014235496521;0
14,4724445343018;3,52575721740723;0
14,4724445343018;3,28705587387085;0
14,4724445343018;3,14757289886475;0
14,4724445343018;3,80904061794281;0
14,4724445343018;3,07320375442505;0
14,4724445343018;3,36281499862671;0
14,4724445343018;3,77616264820099;0
14,4724445343018;3,56466164588928;0
14,4724445343018;2,86015474796295;0
14,4724445343018;2,79995520114899;0
14,4724445343018;3,59298086166382;0
14,4724445343018;3,6541627407074;0
14,4724445343018;3,08334317207336;0
14,4724445343018;3,32416360378265;0
14,4724445343018;2,97288191318512;0
14,4724445343018;2,59339373111725;0
14,4724445343018;2,69954781532288;0
14,4724445343018;2,93234286308289;0
14,4724445343018;3,62598826885223;0
14,4724445343018;3,53697493076324;0
14,4724445343018;4,2768839597702;0
14,4724445343018;3,90207633972168;0
14,4724445343018;3,71833198070526;0
14,4724445343018;3,69966456890106;0
14,4724445343018;4,04898366928101;0
14,4724445343018;3,84461517333984;0
14,4724445343018;3,73611614704132;0
14,4724445343018;3,88461277484894;0
14,4724445343018;4,43429689407349;0
14,4724445343018;4,33489623069763;0
14,4724445343018;4,36112334728241;0
14,4724445343018;3,95520627498627;0
14,4724445343018;3,90162127017975;0
14,4724445343018;3,6350527048111;0
14,4724445343018;4,02622804641724;0
14,4724445343018;4,0139030456543;0
14,4724445343018;3,48537738323212;0
14,4724445343018;4,04206068515778;0
14,4724445343018;3,45349714756012;0
14,4724445343018;3,69643929004669;0
14,4724445343018;4,51294519901276;0
14,4724445343018;4,1581196308136;0
14,4724445343018;3,89932029247284;0
14,4724445343018;4,36549797058106;0
14,4724445343018;4,50943837165832;0
14,4724445343018;4,69029605388641;0
14,4724445343018;4,32143478393555;0
14,4724445343018;4,55401048660278;0
14,4724445343018;4,69737546443939;0
14,4724445343018;4,62686166763306;0
14,4724445343018;4,41021354198456;0
14,4724445343018;4,56653425693512;0
14,4724445343018;5,09345707893372;0
14,4724445343018;4,79364228248596;0
14,4724445343018;4,78778436183929;0
14,4724445343018;4,18374791145325;0
14,4724445343018;4,29113330841064;0
14,4724445343018;4,27384214401245;0
14,4724445343018;4,27329909801483;0
14,4724445343018;4,01637778282165;0
14,4724445343018;4,02185838222504;0
14,4724445343018;4,28998906612396;0
14,4724445343018;3,66097791194916;0
14,4724445343018;3,92269887924194;0
14,4724445343018;4,49076910018921;0
14,4724445343018;4,41132092475891;0
14,4724445343018;4,10482618808746;0
14,4724445343018;4,73830757141113;0
14,4724445343018;5,18808417320251;0
14,4724445343018;5,22217037677765;0
14,4724445343018;5,28728334903717;0
14,4724445343018;4,72067663669586;0
14,4724445343018;5,06057884693146;0
14,4724445343018;5,10038702487946;0
14,4724445343018;5,0917905330658;0
14,4724445343018;4,51762716770172;0
14,4724445343018;5,49544494152069;0
14,4724445343018;4,85573675632477;0
14,4724445343018;5,11780202388763;0
14,4724445343018;5,60993506908417;0
14,4724445343018;4,9949551820755;0
14,4724445343018;5,41113730669022;0
14,4724445343018;3,95778186321259;0
14,4724445343018;4,46149260997772;0
14,4724445343018;4,59264936447144;0
14,4724445343018;4,73256452083588;0
14,4724445343018;5,71488163471222;0
14,4724445343018;5,05577931404114;0
14,4724445343018;5,02713530063629;0
14,4724445343018;4,66807024478912;0
14,4724445343018;4,97714629173279;0
14,4724445343018;4,58870687484741;0
14,4724445343018;5,50737671852112;0
14,4724445343018;5,55301012992859;0
14,4756097793579;5,79334063529968;0
14,4756097793579;5,1863077878952;0
14,4756097793579;4,95546059608459;0
14,4756097793579;5,21904406547546;0
14,4756097793579;5,04107980728149;0
14,4756097793579;4,6672146320343;0
14,4756097793579;5,3266141295433;0
14,4756097793579;4,38383364677429;0
14,4756097793579;3,90775628089905;0
14,4756097793579;3,7387603521347;0
14,4756097793579;4,51495575904846;0
14,4756097793579;4,93888499736786;0
14,4756097793579;4,80972089767456;0
14,4756097793579;5,02174408435822;0
14,4756097793579;5,43512322902679;0
14,4756097793579;4,44276735782623;0
14,4756097793579;5,47296810150146;0
14,4756097793579;5,04456667900085;0
14,4756097793579;4,90715794563293;0
14,4756097793579;5,04672689437866;0
14,4756097793579;5,09940648078918;0
14,4756097793579;5,23667275905609;0
14,4756097793579;5,72541086673737;0
14,4756097793579;5,11707262992859;0
14,4756097793579;4,73238224983215;0
14,4756097793579;4,92819871902466;0
14,4756097793579;4,41115739345551;0
14,4756097793579;4,79835455417633;0
14,4756097793579;4,77623991966248;0
14,4756097793579;5,20305185317993;0
14,4756097793579;5,50474655628204;0
14,4756097793579;5,7888386964798;0
14,4756097793579;5,40650250911713;0
14,4756097793579;5,47062525749207;0
14,4756097793579;5,60250332355499;0
14,4756097793579;5,43809423446655;0
15,0888304710388;5,75743991136551;0
15,0888304710388;6,18555488586426;0
15,0888304710388;5,76228895187378;0
15,0888304710388;5,85085287094116;0
15,0888304710388;6,05330066680908;0
15,0888304710388;5,44446263313293;0
15,0888304710388;5,96978187561035;0
15,0888304710388;5,02363772392273;0
15,0888304710388;4,84135222434998;0
15,0888304710388;5,11031346321106;0
15,0888304710388;4,41484718322754;0
15,0888304710388;4,64673266410828;0
15,0888304710388;4,81227786540985;0
15,0888304710388;5,09945653676987;0
15,0888304710388;4,80936198234558;0
15,0888304710388;5,418767786026;0
15,0888304710388;5,87581840753555;0
15,0888304710388;5,16368103027344;0
15,0888304710388;5,303875041008;0
15,0888304710388;4,79461162090302;0
15,0888304710388;5,43934047222137;0
15,0888304710388;5,32615747451782;0
15,0888304710388;4,81787748336792;0
15,0888304710388;5,68526701927185;0
15,0888304710388;4,71992011070251;0
15,0888304710388;5,45047149658203;0
15,0888304710388;5,47085149288178;0
98562,3521
