12,7202987670898;3,44442119598389;10
14,4590287208557;3,67390459775925;15
14,4626893997192;3,97442164421082;18
14,4627113342285;4,72517167329788;22
14,4627113342285;5,22617206573486;23
14,4668645858765;4,5044133067131;23
14,4668645858765;4,99556020498276;24
14,4720993041992;5,47939513921738;25
14,4720993041992;4,76105318069458;26
14,4720993041992;4,73912731409073;26
14,4720993041992;5,05960230827332;26
14,4792585372925;5,62826081514359;27
14,4792585372925;5,43851413726807;28
14,4792585372925;5,52799644470215;29
14,4792585372925;4,74892200231552;29
14,4792585372925;5,91275223493576;31
14,4792585372925;5,43315163850784;31
14,4792585372925;5,51209990978241;31
14,4792585372925;4,83594197034836;31
14,4792585372925;5,70598418712616;31
14,4792585372925;5,99826183319092;31
14,4792585372925;5,73539382219315;31
14,4792585372925;6,00588580369949;31
14,4792585372925;6,01566104888916;31
14,4792585372925;5,8515278339386;31
14,4792585372925;5,79533717632294;31
14,4792585372925;5,55916949510574;31
14,4792585372925;6,24042543172836;31
14,4792585372925;6,14632960557938;31
14,4792585372925;7,0878188252449;31
14,4792585372925;6,10662717819214;32
14,4792585372925;6,33648719787598;33
14,4792585372925;6,14608036279678;33
14,4792585372925;6,36162983179092;33
15,0895981788635;6,138936150074;34
15,0895981788635;6,41918148994446;34
15,0895981788635;6,11109765768051;34
15,0895981788635;6,11460708379745;34
15,0895981788635;6,98129550218582;34
15,0895981788635;5,84053955078125;34
15,0895981788635;6,66163547039032;34
15,0895981788635;6,73300503492355;34
15,0895981788635;7,24689867496491;34
15,0895981788635;5,3245598077774;34
15,0895981788635;7,07760387659073;35
15,0895981788635;6,76772092580795;35
15,0895981788635;6,974232172966;35
15,0895981788635;7,52392380237579;35
15,0895981788635;6,81757442951202;35
15,0895981788635;7,3091895699501;35
15,0895981788635;7,2107568860054;35
15,0895981788635;7,50021232366562;35
15,0895981788635;5,29262862205505;35
15,0895981788635;6,68397946357727;35
15,0895981788635;5,69586279392242;35
15,0895981788635;7,18170465230942;35
15,0895981788635;6,52719337940216;35
15,0895981788635;7,38551486730576;35
15,0895981788635;6,23154474496841;35
15,0895981788635;6,58007494211197;35
15,0895981788635;5,97671644687653;35
15,0895981788635;6,87960221767426;35
15,0895981788635;5,08607275485992;35
15,0895981788635;7,06832143068314;35
15,0895981788635;6,46235692501068;35
15,0895981788635;6,40406454801559;35
15,0895981788635;7,32540047168732;35
15,0895981788635;6,46778582334518;35
15,0895981788635;6,45045713186264;35
15,0895981788635;6,75285782814026;35
15,0895981788635;7,51811730861664;35
15,0895981788635;5,86552364826202;35
15,0895981788635;6,06812722682953;35
15,0895981788635;6,23960367441177;35
15,0895981788635;6,41948006153107;35
15,0895981788635;5,68891748189926;35
15,0895981788635;6,61776671409607;35
15,0895981788635;6,26797116994858;35
15,0895981788635;7,16577711105347;35
15,0895981788635;6,74338455200195;35
15,0895981788635;6,70960230827332;35
15,0895981788635;7,76522926092148;35
15,0895981788635;7,12004016637802;35
15,0895981788635;6,42826099395752;35
15,0895981788635;6,95483261346817;35
19,1814075112343;8,6067354336381;36
19,1814075112343;6,73823317289352;36
19,1814075112343;6,24577926397324;36
19,1814075112343;7,85363595485687;36
19,1814075112343;7,37700716257095;36
19,1814075112343;6,04959802627563;36
19,1814075112343;6,81318180561066;36
19,1814075112343;6,14616596698761;36
19,1814075112343;7,49307496547699;36
19,1814075112343;6,15648119449615;36
19,1814075112343;5,76852346658707;36
19,1814075112343;7,41367520093918;36
19,1814075112343;5,76859126091003;36
19,1814075112343;7,10965908765793;36
19,1814075112343;6,57494784593582;36
19,1814075112343;7,30707788467407;36
19,1814075112343;6,17370301485062;36
19,1814075112343;6,20667817592621;36
19,1814075112343;4,97950917482376;36
19,1814075112343;6,67441385984421;36
19,1814075112343;6,67164064645767;36
19,1814075112343;6,74735347032547;37
19,1814075112343;5,97049038410187;37
19,1814075112343;5,70683246850967;37
19,1814075112343;5,45445146560669;37
19,1814075112343;6,2381209269166;37
19,1814075112343;6,31563278436661;37
19,1814075112343;6,8139576792717;37
19,1814075112343;6,59330657720566;37
19,1814075112343;7,23905342817307;37
19,1814075112343;8,37074228525162;37
19,1814075112343;7,17377306222916;37
19,1814075112343;6,9280846953392;37
19,1814075112343;7,21906009912491;37
19,1814075112343;7,42624740600586;37
19,1814075112343;6,18398659229279;37
19,1814075112343;6,17165497541428;37
19,1814075112343;5,4586700797081;38
19,1814075112343;7,70546044111252;38
19,1814075112343;6,55931369066238;38
19,1814075112343;5,25601005554199;38
19,1814075112343;5,1119215130806;38
19,1814075112343;5,66854077577591;38
19,1814075112343;6,5589116692543;38
19,1814075112343;7,41105209589005;38
19,1814075112343;6,15637290477753;38
19,1814075112343;7,71092463731766;38
19,1814075112343;8,27521895170212;38
19,1814075112343;7,29904860258102;38
19,1814075112343;6,92185493707657;38
19,1814075112343;5,071295773983;38
19,1814075112343;6,15598903894424;38
19,1814075112343;7,07201509475708;38
19,1814075112343;6,4115296959877;38
19,1814075112343;7,41256239414215;38
19,1814075112343;6,81257628202438;38
19,1814075112343;7,15311287641525;38
19,1814075112343;7,27326434850693;38
19,1814075112343;6,15575110912323;38
19,1814075112343;5,75870082378387;38
19,1814075112343;6,400062251091;38
19,1814075112343;6,55729075670242;38
19,1814075112343;5,79421005249023;38
19,1814075112343;8,40653265714645;38
19,1814075112343;5,93352653980255;38
19,1814075112343;6,77751834392548;38
19,1814075112343;7,26978282928467;38
19,1814075112343;6,96232696771622;38
19,1814075112343;5,82853782176971;38
19,1814075112343;7,30683615207672;38
19,1814075112343;6,93595618009567;38
19,1814075112343;6,1691087603569;38
19,1814075112343;6,73915011882782;38
19,1814075112343;6,40026484727859;38
19,1814075112343;7,8818284869194;38
19,1814075112343;6,34406080245972;38
19,1814075112343;6,91536217927933;38
19,1814075112343;6,24819587469101;38
19,1814075112343;6,98314181566238;38
19,1814075112343;7,45286500453949;38
19,1814075112343;6,29233682155609;38
19,1814075112343;6,39982717037201;38
19,1814075112343;7,42990386486053;38
19,1814075112343;7,99099086523056;38
19,1814075112343;7,57778543233871;38
19,1814075112343;6,2467472910881;38
19,1814075112343;7,24737133979797;38
19,1814075112343;6,46592583656311;38
19,1814075112343;7,37110760211945;38
19,1814075112343;6,58604810237884;38
19,1814075112343;5,87032248973846;38
19,1814075112343;7,15043116807938;38
19,1814075112343;5,86927992105484;38
19,1814075112343;7,43873034715652;38
19,1814075112343;6,58447130918503;38
19,1814075112343;6,08626770973206;38
19,1814075112343;6,49442167282105;38
19,1814075112343;5,06166578531265;38
19,1814075112343;6,85244925022125;38
19,1814075112343;6,76724504232407;38
19,1814075112343;7,31995072364807;38
19,1814075112343;7,00953142642975;38
19,1814075112343;7,38735355138779;38
19,1814075112343;7,89182279109955;38
19,1814075112343;7,56627149581909;38
19,1814075112343;6,02612161636353;38
19,1814075112343;7,149336373806;38
19,1814075112343;6,64438527822495;38
19,1814075112343;8,01876307725906;38
19,1814075112343;7,22791697978973;38
19,1814075112343;8,53303153514862;38
19,1814075112343;6,43718383312225;38
19,1814075112343;8,01846808195114;38
19,1814075112343;6,49469245672226;38
19,1814075112343;5,07596704959869;38
88197,4135
